0.0
0.0
0.0
0.0
11.348942807670776
5.530897319654903e-06
0.0
0.0
1.6401773256322107
0.0
0.0
3.0800002432340825e-06
0.0
3.4229016543189466e-06
0.0
8.291811729537608
0.0
0.0
0.0
0.0
0.0
0.0
6.409826841479133e-06
0.0
0.0
0.0
11.287943141766508
0.0
0.0
0.0
0.0
0.0
0.0
0.0
0.0
0.0
0.0
0.0
0.0
0.0
3.115866080733037e-07
0.0
0.0
11.456004192979947
0.0
17.706331293431663
5.421866295790462e-06
0.0
9.460738849875595
0.0
0.0
0.0
7.824452475052773e-06
0.0
0.0
1.3437581246423848e-06
4.130321542191008
4.077863515935651e-06
0.0
11.83407815405049
12.492933623196626
0.0
5.835447879372588
0.0
5.24184765729926e-06
0.0
0.0
0.0
0.0
11.678457274834901
0.0
0.0
1.2689307843588067
7.800637263144354e-06
5.404822895523431e-06
0.0
0.0
1.5619504790704514e-07
0.0
0.0
0.0
0.0
7.080059165446863e-06
7.8670611748532835
6.146251267463911e-07
2.8269583733098136e-06
0.0
0.0
0.0
4.632195699584191
0.0
0.0
0.0
0.0
0.0
0.0
0.0
10.280627354860881
3.0773003396837173
0.0
0.0
0.0
0.0
0.0
2.884280018887627
0.0
8.659510438574404
2.0259660710025478
0.6749119929696329
0.0
0.0
0.0
1.2153690985556974e-06
0.0
8.201807781050842
0.0
0.0
7.410441144309741e-06
0.0
0.0
4.329220104591416e-06
1.9221840590232173
0.0
0.0
0.0
1.4789749936936801e-06
0.0
0.0
0.0
0.0
9.920523333220798
6.636742505208903
0.0
9.947610734901351
0.0
1.4409996363918675e-05
0.0
0.0
3.870117868987792e-06
9.661911487382781
0.0
0.0
6.070960048236812e-07
0.0
0.0
1.9532628280958402
23.158689262843694
35.558540637356536
0.0
7.288865662508431
0.0
0.0
0.0
2.195960510305442e-06
0.8558345542413376
19.06434922150447
0.0
0.6006275868196838
0.0
4.014849635023363e-06
1.8925596663144736e-06
0.0
0.0
2.4710909451771222e-06
0.0
0.0
0.0
1.0430604380496345e-06
0.0
0.0
0.0
0.0
0.9450307099164411
0.0
0.0
0.0
8.691090637279886e-06
0.0
0.0
0.0
0.0
0.0
1.0725355646800265e-05
0.0
0.0
24.88153860727169
0.0
0.0
10.25070835720123
0.0
0.0
10.175719853848232
0.0
0.0
11.39478008742305
0.0
2.8826000951511116e-08
0.0
2.3572859708518408
1.5565607171676154e-08
0.0
9.397609815668609e-08
4.513513054667963
0.0
0.0
0.0
0.0
6.261817262921003e-06
0.0
5.500595761032261
0.0
6.123610368060037
13.385521856081155
1.3474407762838655e-07
15.835274470823569
0.0
1.8018292503296154
0.0
0.0
0.0
0.0
0.0
0.0
0.0
0.0
1.4002077155070145e-09
0.0
0.0
1.4293387883430147e-07
2.942037146197098
0.0
0.0
0.12430726353907069
17.687041315976188
5.0405801414376
7.7281023251128e-06
3.2643138776797325
8.654833506396308
0.0
0.0
3.292118385800071
0.0
0.0
20.210341073328998
2.386481460547078e-06
0.0
3.7389700004856935e-06
6.060806631994898e-07
10.9629272885578
0.0
6.6810217471252095e-06
6.21549735963448
3.7515790018521174e-06
0.0
0.0
3.582635431762486e-06
1.1371626314575352e-06
0.0
0.23018183690406818
2.547016907365395
5.300678927980287e-06
0.0
0.0
1.8855740297662204e-07
0.0
11.951273355361947
2.0648787129667824e-05
0.0
17.0049071510448
12.123651368777391
18.19308005669656
10.70363083708495
0.0
2.9409773904084346
9.763849518652012e-07
3.593177530855242e-08
0.0
0.0
0.0
0.0
2.1925115548914933
0.0
9.101445086914849
0.0
0.0
0.0
0.0
0.0
0.0
0.0
0.0
0.0
2.8017588198442918e-06
0.0
3.632198303711764e-06
0.0
0.0
0.0
0.0
14.363739635002734
0.0
6.848814489283628
0.0
0.0
0.0
0.0
3.1946636124133684e-06
9.001226466285857
2.9549434674308777
0.0
0.0
0.0
14.314769981201767
9.294883450814687
2.8430200583843097e-06
0.0
0.0
0.0
0.0
28.32447872581795
1.9020035942576643e-06
1.7401359938688943e-05
0.0
14.79691950613778
0.0
0.0
1.3471979018911103e-05
4.867246910730214e-06
0.0
0.0
7.97278500999491e-06
0.0
0.0
0.0
6.144519118004289e-06
0.0
0.0
7.304070284191136
0.0
0.0
24.088239229699838
0.0
0.0
0.0
0.0
1.8301493627819528e-06
0.0
2.910183864604629e-08
3.8716254000739694e-08
8.99421275943957
0.0
9.954909491910081
0.0
0.0
13.570287251405574
0.0
2.8068081878550077
8.823769362047006
0.0
6.407357473949912e-06
0.0
0.0
3.160925530384186e-08
6.671637433427961e-07
14.705539590838052
0.0
2.2849687102551762e-06
8.062044435806597e-06
0.0
2.2086648543582995e-06
0.0
0.0
0.0
3.2246071640481606e-10
0.0
0.07294920831905685
0.0
0.0
9.242227963088117
6.391377969050159
0.0
0.0
0.0
9.114258434015342
0.0
1.395304444331311
0.0
0.3899943663090368
7.8154491397667245
28.267247428876406
10.078845466479438
0.0
4.025430240362246
0.0
0.0
0.0
0.0
0.0
8.339067215629784
0.0
0.0
12.180695401350823
0.0
4.440541998248303e-06
7.894225710790572
1.9719657540470188
0.8104028426591124
0.7380062140793869
0.0
3.982805155433494e-07
0.0
0.0
0.0
18.9745913220428
3.5124930442560784
0.0
3.105761321353077
1.95409623588867e-06
0.0
0.0
0.0
1.2938278491981582e-06
0.0
0.0
3.4816189725796924
16.3127572069956
0.0
2.372188132536665e-07
0.0
0.0
3.3924936164191903
0.0
5.289618971321814
0.0
3.1834484530569616
4.421120147962009e-06
0.0
2.0400869557123726e-07
0.0
2.883438938809704e-06
3.776477028788156
0.0
12.701899206324006
0.0
0.0
0.0
0.0
0.0
7.884893375750347e-06
0.0
0.0
18.943839122722714
0.0
0.0
0.0
3.2756690078585722e-06
0.0
7.65877051512103e-06
0.744811763243612
0.0
0.0
0.0
0.0
0.0
0.20007780793356747
4.8672586669514094e-08
0.0
0.0
0.0
6.976831558716572e-08
23.260277940113465
1.6347547934555962e-06
0.0
0.0
12.653361030067774
18.33720606920342
3.4277154466146115e-06
8.448459156580291e-06
0.0
0.0
4.319494983297133e-06
0.0
6.534193114773299
1.129504434781765e-05
0.0
1.1316212489858294e-05
0.0
0.0
0.0
0.0
7.790468958431992
6.004794017454971
6.853170906866173e-06
0.0
0.0
0.0
0.0
2.7541614709012397e-06
0.0
27.901490849999615
0.0
0.0
9.278654795559866
3.925693489777779
6.498444971730125
0.0
1.7329926733223702e-05
6.9665577278330435
0.0
13.384628277947565
0.0
9.636352421745668e-07
0.0
1.9321228932407453
0.0
0.0
0.0
8.000668180760658e-07
1.7092761590445797e-06
7.202581868278991e-06
0.0
15.65239213766264
0.0
0.0
0.2475369400202139
3.183338774471335
1.6981030691271747e-06
2.776174677579853e-06
18.79160907796354
0.0
0.0
14.323364002343919
0.0
8.245291504472446e-06
0.0
5.78400282810473e-06
0.0
2.401618816209093
9.543604769225465e-06
0.0
1.56500085123839e-09
0.0
1.2971693387870955e-05
0.0
0.0
3.604552855055275e-06
0.0
1.9807205992236708e-08
0.0
9.828274160057324
8.891556657664769e-06
0.0
1.4893536580459033
0.0
1.6830822020252503e-06
7.477108068583957e-07
4.290737387110478e-08
0.0
0.0
0.0
0.0
0.0
0.0
0.0
6.8905294402510695e-06
1.4765768945805846e-05
0.0
0.0
0.0
9.71005089629045
0.0
0.0
0.0
6.149393687304651e-06
0.0
1.4051620940382383
1.402758248296195e-06
2.5458620166755227e-06
0.0
0.0
0.0
0.0
3.446781539952311e-07
0.0
0.0
0.0
1.4604075658593198e-06
5.369873596686486
0.0
0.0
0.0
0.0
4.429449029704762e-06
0.0
8.31429464895016
0.0
0.0
0.0
5.467546116836196
0.0
3.7751288029650252e-06
10.963286389540807
4.1242607300592255e-06
0.0
0.0
6.204881927594164e-06
1.2139405998423007
0.0
2.9544280390008253
3.6668540757683616
19.79193713325174
0.0
0.0
1.1276888656133885e-07
6.9980711148771534e-06
0.0
0.0
3.4727079119102555
4.063718455920736
0.0
1.2137516636906904e-07
2.0717717994246585
0.0
0.0
12.81434660191122
0.0
5.117476063447813
2.188271489106198e-06
0.0
0.0
15.207646135185309
0.0
0.0
0.0
0.0
0.0
0.0
0.0
5.924347701256035
0.0
0.0
0.0
4.520802070254888e-08
0.0
0.0
0.0
0.0
0.0
2.5634853857959725e-06
11.498322515113083
0.9994373543663384
0.0
0.0
1.71519568323532
0.0
7.78035989188389e-06
0.0
6.429885032019993
0.0
5.301792279994986
0.0
0.0
0.0
0.0
0.0
0.0
0.0
9.383112452082313
5.823508746150842e-07
0.0
0.0
0.0
0.0
9.766684825628511e-06
0.0
0.0
1.1539714547450164e-05
1.4543994735278208e-07
5.337799128328155
17.04993563261372
20.428141646747477
1.918255555322461e-06
8.896187573431772e-07
0.0
0.0
0.0
3.265990413378935e-06
0.0
0.0
0.0
1.082380300176549e-07
12.00330480453038
0.0
19.570086565927035
0.0
6.132913865429585e-06
9.39488905890162
0.0
0.0
0.0
0.0
0.0
0.0
0.0
0.0
5.422287623496973
3.0826680408857157
0.0
0.0
0.0
10.108048284420803
18.771454005641413
3.125241438404853
0.0
3.6744234508480975e-07
0.0
0.0
9.355342580188587
5.65336461013284
0.0
0.0
0.0
0.0
0.0
0.0
5.046397910571459
0.0
0.0
0.0
1.246321226823235
0.0
1.584519408412762
6.866419344531391
5.773980148219964
0.0
0.0
7.291139472738887e-08
5.891097377729701e-07
0.0
0.0
0.0
1.846458503903741
0.0
2.6412551193151085e-06
0.0
2.3296416554306126e-06
0.0
2.423559269167126
0.0
3.913726865421297
0.0
0.0
0.0
15.153631268012516
3.0344907689463825
0.0
0.0
0.0
5.205900823731234
3.9710663856257082
2.9021064433096364
0.0
0.1981025919952712
4.264296830896372e-08
0.0
0.0
21.66984232282683
0.0
0.0
0.0
0.0
4.4734304055395095e-06
5.086318206933546e-07
0.0
0.0
0.0
0.0
0.0
0.32516402013490925
0.0
0.0
2.6374059379992913
3.695191772624501e-07
12.36922418967326
4.98930183927747e-07
3.667319918087862
0.0
0.0
0.0
0.0
0.0
3.553101153328141e-07
5.143845237178212e-06
9.954907899695931e-06
0.0
5.74195921475707
0.0
0.0
0.0
0.0
3.704647269826737e-07
4.550390104422892
1.4811003724357514
0.0
0.0
0.0
0.0
0.0
0.0
0.0
0.0
0.0
0.0
0.0
7.422316926945673
0.0
6.962092910190732e-07
8.385073398285812
0.0
0.0
0.0
0.0
0.0
2.0769161518873904
4.9255874078220416e-08
0.0
5.702631061073852e-06
0.0
17.04314356336012
0.0
0.0
0.0
6.729249502706515
0.0
0.0
10.979501006252981
2.463574815777874e-06
0.0
8.654204059674686e-06
0.0
1.3954081135138823
8.468110855961111
14.132372442676356
6.483580971917837
0.0
0.0
1.229212688489889e-05
14.305307275798132
0.0
0.0
11.654397305642812
0.0
0.0
0.0
5.695580792037125
0.0
15.141340148355614
0.0
5.130318377481888
0.0
2.8677623939577415
0.0
2.228813678270478
5.344566513957412
0.0
0.0
5.353973141163192
5.0565952744888824e-06
0.0
3.1145773005353045e-07
0.0
0.0
0.0
0.0
0.0
0.0
0.0
0.0
1.243694832689658e-06
2.7145911394823283
0.0
0.0
0.0
6.147827730935889
0.0
2.9230300639587012e-06
3.390885227538832
0.0
0.0
0.0
0.44094546713124394
4.712066516855048
11.204065345584516
0.0
0.0
0.0
4.467258097124783e-06
0.0
0.0
2.950987844443773e-06
0.0
0.0
1.2136622112736753e-05
0.0
0.0
0.0
1.1260045704172167e-05
0.0
0.0
0.0
0.0
0.0
0.0
0.0
11.83555840273097
21.501724284061037
0.0
0.0
8.590664717982902e-08
0.0
0.0
11.80699649958786
0.0
0.0
0.0
8.758450228850568e-06
0.0
1.8332877451238319
9.93149266449446
0.0
0.0
11.522040551457234
0.0
4.715966108547654e-06
0.0
0.0
0.0
0.0
0.0
0.0
0.0
0.0
5.764360096450763
0.0
0.0
2.4170750021968055
8.996366934886067
0.0
0.0
29.990964639348547
0.0
0.0
2.7295993180994924e-06
0.0
9.768280554448203e-07
19.12733067159746
3.5958342544390006e-06
18.70398050732472
0.0
9.657375428015586
0.0
0.0
1.2637485502905044e-06
0.0
0.0
0.0
0.0
4.6712348019478337e-08
0.0
6.985162279279798
2.133049846523394
2.700367209148679e-07
5.887773733124571
7.667912605649771
0.0
19.9909465951695
11.094416016813756
0.0
2.0410887856599595
7.651833811546136e-07
0.0
0.0
9.251240165818924
0.0
0.0
0.0
0.0
0.0
0.0
13.908515784345743
0.0
0.0
5.7825247584220066e-06
0.0
18.48211762486799
0.0
0.0
0.0
4.013194529823432
3.6243932558937288e-06
0.0
0.0
5.717942402065968
0.0
0.0
3.1619704602160486
3.6179868546221585
3.3717100344237416e-07
0.0
0.0
7.236418825170818
0.0
0.0
0.0
0.0
3.118357014093694e-06
0.0
7.295116961608095
0.0
2.0411730615932306
0.0
0.0
0.0
0.0
0.0
0.0
4.084095633373262e-06
9.582572347649254
0.0
6.677607233649633
0.0
0.0
0.0
5.425652197794853
3.133433135763472e-07
7.774274908642901
1.392456883536657e-05
0.0
0.0
0.0
0.0
0.0
0.0
4.931227944205579e-08
1.003809900850133e-05
0.0
1.8827871654751784
0.0
0.0
5.422274541875694
0.0
0.0
0.0
5.960818388003398
0.0
0.7762870433555652
8.019819394137153
2.0245816492037623
1.457430852147925e-05
0.0
0.0
15.496659249526195
0.0
13.080867723971698
6.837508582943606e-07
9.303071675626408e-07
2.881636035632835e-07
16.169356111765442
0.0
0.0
0.0
8.370364631446705
0.0
0.0
1.7223498437008204e-05
0.0
0.0
0.0
10.944012949300262
0.0
3.493132132723472e-06
10.128745166737449
0.0
0.0
30.328309406049808
0.0
0.0
0.0
0.0
0.0
3.297007732076032e-06
0.0
1.774322244488887e-06
0.0
0.0
0.0
0.0
0.0
5.064487481159243
3.4131494915123874
0.0
0.0
0.0
0.0
0.0
0.0
9.719889809804817
0.0
9.059292798196031
0.0
0.0
1.837912944840276e-05
0.0
19.03747244010368
0.0
0.0
0.0
11.851996241632715
5.587706861386586
0.0
4.659578049368626
0.0
11.05408521883188
2.3516886060538376
0.0
6.929923205181689
0.0
3.631984242425075
5.302780596713692
0.0
5.5083460271150496e-06
0.0
0.0
0.0
3.1860903121511135e-06
0.0
0.0
0.0
0.0
0.0
3.447248388269717e-06
8.16153156250751e-06
0.0
2.3050981570235203e-08
0.0
0.0
0.0
3.343743316263526
0.0
0.0
0.0
2.549078006449226e-06
10.712639127366158
0.0
0.0
0.0
0.0
0.0
0.0
0.0
0.0
8.562009477018462
6.039711879979638
0.0
0.0
8.830934785943487
2.102964409852655
0.0
4.96090171263651
0.0
0.0
8.149280328937357
0.0
0.0
0.0
0.0
2.7510444549853013
0.6032959185346249
0.0
0.0
4.793323881612312e-06
5.303553545198619e-06
0.0
2.1724450718262385
5.3521716540114355
0.0
1.7804201384938167e-06
5.373739808976006
0.0
0.0
7.534292332372551e-07
2.8833962048376017e-06
1.7981167319083236
11.046676018731254
0.0
2.988774147472845
4.0867890821537864
4.233736831254603e-06
0.0
0.80823443886893
0.0
0.0
0.0
0.0
3.0207293788966694
0.0
3.159775547949793
0.0
11.268107192227445
6.095054969541541
0.0
2.2528541173633106e-06
3.084589711733862
3.860287919902897e-06
6.934026861211944e-06
2.638751837378283e-06
0.0
0.0
0.0
1.761724616749986e-06
0.0
0.0
1.961508753473004e-07
0.0
0.0
0.0
0.0
0.0
1.2985733071717034
0.0
0.0
3.5163818001318163
0.0
0.0
0.0
0.0
9.999032330984624
0.0
0.0
0.0
0.0
9.180699369071099e-06
0.0
0.0
0.0
0.5942300766790103
0.0
19.440560522902373
0.0
0.0
0.0
1.3688034294438076
0.0
0.0
13.477838428766141
0.0
0.0
0.0
0.0
7.146127025342454
2.8292909230416217
7.054992565317388e-06
0.0
6.072105379765746
0.0
2.478079122036043e-06
5.309860372664976
0.0
0.0
20.5166659650277
0.0
0.0
1.7086416387686207e-06
0.0
0.0
0.0
0.0
9.775471969268484
2.787780859885422e-06
6.617268447788665
4.004357739881535e-06
4.25399797902488
0.0
2.420100884958745
0.0
9.896480253408864e-08
0.0
0.0
0.0
0.0
0.0
5.295473141388392e-07
0.0
5.788024253942624e-06
1.3697078045581904e-06
0.0
17.933706871103038
0.0
2.8880091740375415
0.0
0.0
0.0
15.481157549821553
0.0
0.0
0.0
0.0
4.2857277820787046e-07
6.937727498684056
3.7903316807267613
0.0
0.0
0.0
0.0
3.2260876444673903
4.574653764884039
9.074078693972892
0.0
0.0
4.545340429998797e-06
0.0
0.0
8.89016663133409e-07
2.933904317364678e-06
0.0
1.3727997413181346e-06
8.687907792261363
4.392345772867555
0.0
0.0
0.0
0.0
3.163458207975536e-06
2.5809959383876695
6.566164813812212
0.0
7.674841091095229e-08
0.0
0.0
0.0
0.0
0.0
4.4761421072364485
0.0
0.0
11.382877083921251
6.465879149146982
3.647395926723546
5.276946474778409e-07
0.0
0.0
1.0263815293930636e-06
0.0
0.0
0.0
16.718107973109902
0.0
6.03474684622012
0.0
0.0
1.1564312295651063e-05
9.884594346909005e-06
0.0
6.352565590552879
9.468947674330007
0.0
0.0
0.0
0.0
0.0
0.0
0.208104846444567
0.0
3.1428309863562887
1.6894698994807014e-05
0.5879840928875446
12.031652681845621
4.948078814341556
2.0908867132145345e-07
4.43614560393668e-06
0.0
14.204777419036152
8.79385574125951e-06
9.678054885665432
0.0
3.1401853386601
0.0
1.0592867449115727e-07
0.0
0.0
0.0
5.180360269247672e-06
1.78470853935814e-06
9.72749219451776e-07
5.057297374657848
0.0
13.239232013136492
0.0
9.141267999559714e-08
7.779281315532627
3.4040086292458756e-07
0.0
0.0
0.0
0.0
16.34290537795637
0.0
7.491896355757622
2.732625198510815e-06
0.0
8.300659907008729
0.109085890894698
0.19294455579780356
0.0
0.0
6.147576430168037
0.0
8.515554233674321e-06
9.949495824445999e-06
5.124705824201924e-06
7.246728348916076e-06
0.0
0.0
0.0
0.0
0.0
3.700464209169837
8.092718875722315e-07
0.0
0.0
0.0
0.0
0.0
0.0
0.0
5.158917362716416
0.0
0.0
16.959705652801272
0.0
0.0
0.0
0.0
0.0
3.3755417734531875e-08
8.324527571371723
0.0
0.0
0.0
4.520343725185419
1.2819969522552946e-06
0.0
0.0
9.470127438071923e-06
0.0
3.232529777522251
9.976130269777281
0.0
0.0
4.745553043641158e-06
0.0
0.0
0.0
2.282380159030537
0.0
0.8984730700621145
0.0
6.840893730859356e-07
0.0
0.0
12.89348870765381
0.0
2.8563505848529247
0.0
2.1877801353836188e-06
0.0
7.039613174425143
0.0
8.962435288215322e-06
0.0
0.0
6.085046799664148
0.0
0.0
8.013211976043024
2.1491118688610578
0.0
12.255625987179108
0.0
3.452703712496444
0.0
0.0
0.0
0.0
17.76351070612412
0.0
0.0
0.0
3.4771766699635117e-06
0.0
0.0
1.4363670049187043e-05
0.0
0.0
6.650921645097423
4.763916363849255
0.670104197477483
0.0
0.0
2.2979343264161805
4.821201301971808e-07
1.7730884394846854e-05
1.6501595350971685
0.0
13.523408812414404
11.142600832598465
0.0
0.0
0.0
9.212229297138032
0.0
0.0
0.0
0.0
0.0
8.062525870081974
6.891735663599564e-06
0.0
0.0
0.0
0.0
0.0
2.0298744224602057e-06
2.3801665048224132e-06
0.0
0.0
0.0
0.0
3.2117753971945953
0.0
0.0
11.30649680160696
8.842235749753343
4.790900048190307e-06
10.784081321934805
17.902497483382817
0.0
0.0
0.0
15.081669554769762
0.0
0.0
0.0
1.2305494308885958e-05
7.832291840315
20.90526566818003
2.8293087392970966
0.0
0.0
0.0
0.9774833891199279
0.0
0.0
4.846276843870937e-06
0.0
8.803465803438346
0.0
0.0
0.0
0.0
1.90677705571525e-06
3.1414935733027463e-06
0.0
0.0
0.0
0.0
0.0
1.0415162963518756
0.0
0.0
1.2258397437943115e-06
0.0
16.170874019290544
0.0
6.850396489196257e-06
1.0942161594097276e-05
11.004855330947292
0.0
0.0
1.938487875807587
0.0
0.0
5.167562658058662
0.0
0.0
0.0
0.0
0.0
0.0
0.0
0.0
0.0
0.0
0.0
7.63464020060462e-06
8.98394435816121e-06
0.0
0.0
0.0
9.97331323395445e-06
1.2705976361532882e-07
0.0
0.0
0.0
4.525713283253679e-06
0.0
10.552336087598515
8.257025940184894e-07
0.0
0.0
0.0
0.0
0.0
12.673200337252796
0.0
6.100014438036378
2.1069198782727747e-06
3.193356635678919
0.0
0.0
3.21202075008528
0.0
16.332313048198465
0.0
0.0
0.0
0.0
0.0
1.6236631989203287e-06
0.0
0.0
12.94367325273335
0.0
0.0
12.618428454067459
0.0
2.3105937351229064e-06
0.0
1.892565521334335
0.0
0.0
0.0
11.375981093642768
13.704523950677602
0.0
4.3959618492549
0.0
11.731928734600308
0.0
0.0
0.0
0.0
4.28722730267059e-06
0.0
8.24202575413393
0.0
0.0
0.0
11.518387849269407
1.5017111338833018
1.8929105999210711
1.6974063157541095
5.138278008026051e-06
3.1257456259715625e-07
0.0
0.0
4.303905834265325
10.460782899397802
4.426421130897333
0.0
9.25633367739778
0.0
0.0
13.316555774836356
0.0
3.6878112783739883
2.604266407771404e-07
0.0
1.5352268934227788
0.0
0.0
1.1015821353621797
2.937692274752319e-06
0.0
0.0
12.013874441326186
4.840115676765521
10.532945093563459
5.844721619410458e-07
0.0
2.0210677327600566
9.655044282998062e-08
0.0
0.0
4.472243474023184
0.0
6.601051043010265e-06
0.0
0.0
8.260348233449577
10.463745513183763
0.0
0.0
0.0
0.0
0.0
12.162899381683154
0.0
21.526315827111578
11.33154617428234
0.0
0.0
8.418433724491476e-07
0.0
0.0
0.0
4.710471882104863e-06
0.0
0.0
1.410051817127237e-05
2.1915617877281512
3.4901043206025864
1.0155790853876499e-05
6.316129091524139
5.2649910344592605
32.205660846487866
6.325185279383171e-07
0.0
0.0
0.0
1.4409291258825886e-06
1.1265005805136433e-05
0.0
0.0
1.570847327729816e-06
0.0
0.0
23.83516559497106
5.400407134699824
0.0
6.597109313453476e-07
0.0
2.171304671209343
0.0
7.071915448099701e-06
0.965961645087506
3.2812579330218656
5.196332982682056
4.384854508075392e-06
1.3930781801711435e-06
8.528271635796378e-06
11.607084790234357
0.0
0.0
8.583816725541107
10.71338000492329
8.134064252231756
0.0
2.5690749467325358e-06
4.858151346517707
0.0
0.0
0.0
1.9481802093549666e-08
7.432937273928977
0.0
0.0
3.81225529305314e-07
0.0
1.4011611163437944e-06
0.0
0.0
3.751767520501061
0.0
0.0
0.0
4.9869541517332435e-06
0.0
0.0
0.0
22.90668494813661
9.461730979387302e-06
0.0
0.0
2.192583289412621e-06
0.0
0.0
8.105000037049598e-07
8.973039842305781e-07
1.1506179320007796e-07
3.6939404668044276e-06
7.3000037699212035
0.0
1.8039025575504239e-06
5.127350733009154
1.0987606890437488e-06
4.750969537182017e-07
11.889037199934965
16.08570104072045
0.0
8.321110080954815
3.6574314997140292e-06
0.0
1.3981195228254286
0.0
0.0
0.0
2.363217077243935e-06
0.0
0.0
0.0
0.0
0.0
5.654630724634832e-07
0.0
5.0691041797417125
0.0
1.0939741295055874e-07
1.3424897566821474
0.0
0.0
0.0
7.645263947172433
7.603864270585312
9.037013363089407
0.0
0.0
0.0
0.0
0.0
0.0
0.0
0.0
14.316964381725382
0.0
0.0
0.0
1.5947719205787297e-07
16.81120393307483
0.0
0.0
2.418427121885144e-06
0.0
0.0
0.0
0.0
17.387064786300094
4.607701010078168e-07
0.0
0.0
15.58905091426233
0.0
0.0
9.715499290736036
8.571414100145783e-09
0.0
8.579662891301826
0.0
4.192868908754935
0.0
0.0
1.3100007451354587e-05
1.7634970760286772
0.0
5.483650006269382
11.76045895090044
0.0
5.534808184057293
5.285756762884777
0.0
0.0
1.7782974848181146
10.19264113599552
0.0
0.0
0.0
1.748876822118414
14.420124000148054
1.6366588568613856
9.306125581887548
0.0
0.0
0.0
0.0
12.185320821757843
0.0
0.0
0.0
3.5244099314108666
0.6627368920694265
2.840502945917832e-06
15.435614154065014
5.4951383737322725
0.0
3.4568110011658633e-07
0.0
0.0
2.1239701011519782e-05
0.0
0.0
0.0
10.434586523504022
2.2483358685160026
20.402977951423647
1.5304642255620514e-07
0.0
0.0
0.0
0.0
3.908160261026257e-08
1.3922926611615132e-06
2.3462900636843007
0.0
0.0
1.323386617549146e-05
14.641998351338373
0.0
6.296579056361817e-07
2.5081451428996644e-06
0.0
0.0
1.0063431126760062e-05
0.0
0.0
0.0
0.0
0.0
0.0
5.552196685706892
0.0
0.0
0.0
0.0
1.0399192938961315e-05
16.967023726927994
0.0
3.7554309837366864
0.0
1.3429819832250164e-05
8.877037061902461
7.724951480103522e-07
0.0
0.0
5.577996614144796
0.0
0.0
0.0
0.0
0.0
0.0
4.531896436034441
0.0
0.0
0.9402015619967019
0.0
4.3876111950355423e-07
0.0
0.0
0.0
1.7786714440205593
6.413495204685974
9.867373653579342e-06
1.4022718671384052e-06
0.0
8.67590657214968e-07
9.668372756161489
0.0
0.0
0.0
9.906405534693373e-07
0.0
4.165264531997254
0.0
0.0
0.0
0.0
0.0032547629376259097
0.0
0.0
2.859340853759979e-06
0.0
2.667559581379216
3.660428422363181e-06
0.0
9.313988198694103
0.05915090924510896
0.0
0.0
0.0
0.0
5.4671804957571145e-06
0.0
15.358166073045323
0.0
0.0
0.0
6.594928121953267e-06
0.2393768182132595
0.0
0.0
0.0
0.0
4.9068766951236704e-06
9.333615176322727
0.0
0.0
1.4184990629132949e-05
3.271598264918551e-06
0.0
0.0
0.0
0.15178826753046118
8.837551338270142e-07
1.3150324428845406e-05
0.0
0.0
7.412008707035222e-06
0.7229150679994643
0.0
0.0
0.0
0.0
1.388114582521748e-06
5.9252985266553255e-06
0.0
0.0
0.0
0.0
4.135445637495136
19.229034352515036
0.0
0.0
7.98568591364307
0.0
0.0
8.527867852607468
6.67872098373507e-07
0.0
