0.000000000000000000e+00
0.000000000000000000e+00
0.000000000000000000e+00
0.000000000000000000e+00
1.135211371068189656e+01
3.916839552964114035e-04
0.000000000000000000e+00
0.000000000000000000e+00
1.643036386591222531e+00
0.000000000000000000e+00
0.000000000000000000e+00
0.000000000000000000e+00
0.000000000000000000e+00
3.446256804419842775e-03
0.000000000000000000e+00
8.292198723749004685e+00
6.745587980427304384e-04
0.000000000000000000e+00
1.848756751526142977e-03
0.000000000000000000e+00
0.000000000000000000e+00
0.000000000000000000e+00
6.131414333751841229e-03
0.000000000000000000e+00
0.000000000000000000e+00
0.000000000000000000e+00
1.128728393925989693e+01
0.000000000000000000e+00
0.000000000000000000e+00
0.000000000000000000e+00
1.287016525412645667e-03
0.000000000000000000e+00
0.000000000000000000e+00
0.000000000000000000e+00
1.093981984795176505e-04
9.099159276147290257e-04
0.000000000000000000e+00
0.000000000000000000e+00
0.000000000000000000e+00
0.000000000000000000e+00
0.000000000000000000e+00
0.000000000000000000e+00
0.000000000000000000e+00
1.145606691124675436e+01
1.850942236382745144e-03
1.770422956039775997e+01
3.049662288528414127e-03
5.571217160029804348e-03
9.461407035609166627e+00
1.104375084722065622e-03
1.586412809386727497e-03
0.000000000000000000e+00
2.238891208343389647e-03
0.000000000000000000e+00
0.000000000000000000e+00
0.000000000000000000e+00
4.131493311580021199e+00
1.557199125070383300e-03
0.000000000000000000e+00
1.182717479523151383e+01
1.249671708634783762e+01
0.000000000000000000e+00
5.833024501768006687e+00
0.000000000000000000e+00
2.944068501929632611e-03
0.000000000000000000e+00
1.658147654927355735e-04
0.000000000000000000e+00
3.901407804812565081e-03
1.167757051286853276e+01
0.000000000000000000e+00
6.820431375161035113e-03
1.264039673449886658e+00
0.000000000000000000e+00
4.387287176260012793e-03
0.000000000000000000e+00
0.000000000000000000e+00
1.573597992714549166e-03
0.000000000000000000e+00
1.727184442899055853e-03
1.145442104982344203e-03
0.000000000000000000e+00
0.000000000000000000e+00
7.871552475660116066e+00
2.260294837273651818e-03
4.550452983897105251e-03
0.000000000000000000e+00
0.000000000000000000e+00
0.000000000000000000e+00
4.630456469198650282e+00
3.974807046628085413e-03
5.376634167483107388e-04
0.000000000000000000e+00
5.787765924323646973e-04
0.000000000000000000e+00
3.115016643819822073e-03
0.000000000000000000e+00
1.028208553998316255e+01
3.069572720331817273e+00
0.000000000000000000e+00
1.063749370952900731e-04
0.000000000000000000e+00
0.000000000000000000e+00
0.000000000000000000e+00
2.878272452511987822e+00
0.000000000000000000e+00
8.654393621272213011e+00
2.027412554784585819e+00
6.783078897155085940e-01
0.000000000000000000e+00
0.000000000000000000e+00
1.593995805581658416e-03
0.000000000000000000e+00
0.000000000000000000e+00
8.202426907411600965e+00
0.000000000000000000e+00
0.000000000000000000e+00
5.250522146569479298e-03
0.000000000000000000e+00
0.000000000000000000e+00
0.000000000000000000e+00
1.916945602858922681e+00
0.000000000000000000e+00
0.000000000000000000e+00
2.426590954108637753e-03
2.309604685090381221e-04
0.000000000000000000e+00
3.140159754597588847e-03
0.000000000000000000e+00
2.765623560273815663e-03
9.921589900638210224e+00
6.637248506297572348e+00
0.000000000000000000e+00
9.949563189275748343e+00
0.000000000000000000e+00
6.260269035347276918e-03
0.000000000000000000e+00
0.000000000000000000e+00
1.071612471194085918e-02
9.661637286977805772e+00
0.000000000000000000e+00
1.966160328554946541e-04
0.000000000000000000e+00
0.000000000000000000e+00
0.000000000000000000e+00
1.945428241360970922e+00
2.315380887754601247e+01
3.555459002877496033e+01
0.000000000000000000e+00
7.288881514400189943e+00
0.000000000000000000e+00
6.546924746425133480e-03
2.511210997650504574e-03
6.404233188791840295e-03
8.481416029021038305e-01
1.905568726090880460e+01
0.000000000000000000e+00
6.033142354081019176e-01
0.000000000000000000e+00
2.238722072006251070e-03
0.000000000000000000e+00
0.000000000000000000e+00
0.000000000000000000e+00
2.851591050351879025e-03
4.026593703392774767e-03
0.000000000000000000e+00
0.000000000000000000e+00
0.000000000000000000e+00
1.527686519959888401e-03
0.000000000000000000e+00
0.000000000000000000e+00
8.041872969248841383e-04
9.426701040027061218e-01
0.000000000000000000e+00
0.000000000000000000e+00
0.000000000000000000e+00
9.597739682752419801e-03
0.000000000000000000e+00
2.214871087682360705e-03
0.000000000000000000e+00
9.591713768201284677e-04
0.000000000000000000e+00
1.429706100572506041e-03
0.000000000000000000e+00
0.000000000000000000e+00
2.487590664074747338e+01
0.000000000000000000e+00
0.000000000000000000e+00
1.024791375941856586e+01
0.000000000000000000e+00
0.000000000000000000e+00
1.017930039743592552e+01
0.000000000000000000e+00
0.000000000000000000e+00
1.139206918713332861e+01
0.000000000000000000e+00
0.000000000000000000e+00
0.000000000000000000e+00
2.353542059311197754e+00
0.000000000000000000e+00
0.000000000000000000e+00
3.135129751429687497e-05
4.511317115557694990e+00
0.000000000000000000e+00
0.000000000000000000e+00
6.217418778640958514e-04
2.605785653813049493e-04
5.741626441541639514e-04
0.000000000000000000e+00
5.495223369910268829e+00
0.000000000000000000e+00
6.124534477345347838e+00
1.339093201053496429e+01
1.663382994208086225e-03
1.584116941350108121e+01
3.803807057963111936e-04
1.795331661454398597e+00
1.507366555653536313e-04
0.000000000000000000e+00
0.000000000000000000e+00
0.000000000000000000e+00
0.000000000000000000e+00
0.000000000000000000e+00
0.000000000000000000e+00
0.000000000000000000e+00
0.000000000000000000e+00
0.000000000000000000e+00
0.000000000000000000e+00
0.000000000000000000e+00
2.942946949316692873e+00
0.000000000000000000e+00
1.764744082003422664e-04
1.298328651164907255e-01
1.768219340836724385e+01
5.034171143180731889e+00
2.900583183386239768e-03
3.259703276596316979e+00
8.658201337293755628e+00
0.000000000000000000e+00
4.390801243110808018e-04
3.288949245712362135e+00
0.000000000000000000e+00
0.000000000000000000e+00
2.020643405359859557e+01
2.904916557497057641e-03
0.000000000000000000e+00
0.000000000000000000e+00
1.296426413059805589e-03
1.095116139982029502e+01
0.000000000000000000e+00
2.884714794974176360e-03
6.217810661574174169e+00
4.084733558569694518e-04
0.000000000000000000e+00
3.242117382494831145e-04
2.556608076927471048e-03
0.000000000000000000e+00
0.000000000000000000e+00
2.220919863171934017e-01
2.545333357220602277e+00
3.420277942891879804e-03
0.000000000000000000e+00
1.978641038661493594e-05
2.560156750085131657e-03
0.000000000000000000e+00
1.194728570162055270e+01
3.405504681700197329e-03
0.000000000000000000e+00
1.700250699441052049e+01
1.212686207336616384e+01
1.818869112589095494e+01
1.070681882648888994e+01
0.000000000000000000e+00
2.936925013705472765e+00
0.000000000000000000e+00
7.191264817921308753e-04
0.000000000000000000e+00
0.000000000000000000e+00
0.000000000000000000e+00
0.000000000000000000e+00
2.190501331003457341e+00
2.032779322241680571e-03
9.105859115208676968e+00
0.000000000000000000e+00
0.000000000000000000e+00
0.000000000000000000e+00
0.000000000000000000e+00
0.000000000000000000e+00
0.000000000000000000e+00
0.000000000000000000e+00
0.000000000000000000e+00
0.000000000000000000e+00
0.000000000000000000e+00
0.000000000000000000e+00
2.966704344464301396e-03
1.130768635658769856e-03
0.000000000000000000e+00
0.000000000000000000e+00
0.000000000000000000e+00
1.435449689666662465e+01
0.000000000000000000e+00
6.852599729095011583e+00
0.000000000000000000e+00
0.000000000000000000e+00
0.000000000000000000e+00
8.727982513357784031e-04
2.449864448396787096e-03
8.993830268373706360e+00
2.956455766851095124e+00
2.608631346543890516e-03
6.632004099538950153e-04
0.000000000000000000e+00
1.431875951444499329e+01
9.288992167072425588e+00
4.231723053178941020e-03
0.000000000000000000e+00
1.030568240597045477e-03
0.000000000000000000e+00
0.000000000000000000e+00
2.832230080724313481e+01
2.334669198555597899e-03
1.718374143697950183e-03
0.000000000000000000e+00
1.479044321841169385e+01
2.778539403430102268e-03
0.000000000000000000e+00
0.000000000000000000e+00
3.477343057636743829e-03
0.000000000000000000e+00
1.637712267014610227e-03
0.000000000000000000e+00
3.284899502389289436e-04
1.938135016533646315e-03
0.000000000000000000e+00
9.385636711065690856e-04
0.000000000000000000e+00
0.000000000000000000e+00
7.308552337697799217e+00
0.000000000000000000e+00
0.000000000000000000e+00
2.409209306075123536e+01
3.136977399080974858e-03
0.000000000000000000e+00
0.000000000000000000e+00
0.000000000000000000e+00
0.000000000000000000e+00
0.000000000000000000e+00
2.788583479882112098e-04
1.446812074039434317e-03
8.988634603985357074e+00
0.000000000000000000e+00
9.945198458768848226e+00
1.658155238577382158e-03
0.000000000000000000e+00
1.357019646681789027e+01
0.000000000000000000e+00
2.805907236402319427e+00
8.826114978140346068e+00
0.000000000000000000e+00
2.770590029115338796e-04
0.000000000000000000e+00
0.000000000000000000e+00
4.237671814808011139e-03
1.663575399222176187e-03
1.469726083550018103e+01
0.000000000000000000e+00
6.598969822910615186e-04
2.212874647919475541e-03
2.042766638162914932e-04
3.780279268845939972e-04
0.000000000000000000e+00
0.000000000000000000e+00
0.000000000000000000e+00
0.000000000000000000e+00
0.000000000000000000e+00
7.259206174439196413e-02
0.000000000000000000e+00
0.000000000000000000e+00
9.242154255561917608e+00
6.386013990226653725e+00
0.000000000000000000e+00
0.000000000000000000e+00
4.536155798568328699e-03
9.110571402521880913e+00
0.000000000000000000e+00
1.390855957761714334e+00
0.000000000000000000e+00
3.890908546242708987e-01
7.808499468221915762e+00
2.826505881492990824e+01
1.007880780656511455e+01
0.000000000000000000e+00
4.023851582388138226e+00
2.382579841947830152e-03
0.000000000000000000e+00
3.005252127015530937e-04
1.987507872225705030e-04
0.000000000000000000e+00
8.339565847092140771e+00
4.904094831767699973e-04
0.000000000000000000e+00
1.218031758573570755e+01
0.000000000000000000e+00
4.857923948103401446e-03
7.892980470598898179e+00
1.962869756552588996e+00
8.094450451675682112e-01
7.362970184447721333e-01
0.000000000000000000e+00
1.686569315651774209e-03
0.000000000000000000e+00
2.938096377696678904e-03
3.924970804869011673e-05
1.896357231390059539e+01
3.509696071179076782e+00
0.000000000000000000e+00
3.110941434365098957e+00
2.995742083992367121e-04
0.000000000000000000e+00
6.586262493150105233e-04
0.000000000000000000e+00
6.559634696774117304e-04
0.000000000000000000e+00
2.864888715258728010e-03
3.480281135726499109e+00
1.630878046304579243e+01
1.386868059777093300e-03
0.000000000000000000e+00
0.000000000000000000e+00
4.696130675817857154e-03
3.386621091936425465e+00
2.679698323310016235e-03
5.284980124527933754e+00
0.000000000000000000e+00
3.178720996419260203e+00
2.896049129607559860e-03
2.245443631816779629e-03
0.000000000000000000e+00
0.000000000000000000e+00
4.338169310616832829e-03
3.771423212433800742e+00
0.000000000000000000e+00
1.270369762284332893e+01
0.000000000000000000e+00
0.000000000000000000e+00
0.000000000000000000e+00
0.000000000000000000e+00
3.251084655206799411e-03
4.166643792131791840e-03
0.000000000000000000e+00
2.754026268548703804e-03
1.894231861339984846e+01
1.589239391214665367e-03
0.000000000000000000e+00
0.000000000000000000e+00
6.472633976805483060e-03
3.801616408313791915e-03
3.061882210355901246e-03
7.437669208398828280e-01
0.000000000000000000e+00
0.000000000000000000e+00
0.000000000000000000e+00
0.000000000000000000e+00
0.000000000000000000e+00
2.000237018497357522e-01
2.005640231290389992e-03
2.510823368085338819e-04
0.000000000000000000e+00
0.000000000000000000e+00
0.000000000000000000e+00
2.325588451676048507e+01
3.117601399360847136e-03
0.000000000000000000e+00
0.000000000000000000e+00
1.265403251054376277e+01
1.833774398066419309e+01
6.972229588229044827e-04
0.000000000000000000e+00
0.000000000000000000e+00
0.000000000000000000e+00
0.000000000000000000e+00
0.000000000000000000e+00
6.531642713995974958e+00
3.054401777508356300e-03
1.202950004022487144e-03
1.524473032349892010e-03
4.988233185468844179e-04
0.000000000000000000e+00
0.000000000000000000e+00
0.000000000000000000e+00
7.782864065102669038e+00
6.002626923588992192e+00
0.000000000000000000e+00
0.000000000000000000e+00
0.000000000000000000e+00
0.000000000000000000e+00
0.000000000000000000e+00
1.525980970373745898e-03
0.000000000000000000e+00
2.789979865446190743e+01
0.000000000000000000e+00
0.000000000000000000e+00
9.279848145523146741e+00
3.926021881769732769e+00
6.498300212406888932e+00
0.000000000000000000e+00
2.094496803676056313e-04
6.969005901434467631e+00
0.000000000000000000e+00
1.338330002714610423e+01
0.000000000000000000e+00
0.000000000000000000e+00
0.000000000000000000e+00
1.937489508578695840e+00
5.442116835437776565e-03
3.475235268368706510e-04
0.000000000000000000e+00
0.000000000000000000e+00
0.000000000000000000e+00
8.193666784172854312e-05
0.000000000000000000e+00
1.564983830446571567e+01
0.000000000000000000e+00
0.000000000000000000e+00
2.390101775126415862e-01
3.182649395549987048e+00
1.228613425523743339e-03
1.568666805910377089e-03
1.878838152779573534e+01
1.885498050644852453e-03
1.466430267595663630e-04
1.432404255892289768e+01
0.000000000000000000e+00
4.813687253100206787e-04
0.000000000000000000e+00
0.000000000000000000e+00
0.000000000000000000e+00
2.399042500892330398e+00
0.000000000000000000e+00
0.000000000000000000e+00
1.778846174736331250e-03
0.000000000000000000e+00
0.000000000000000000e+00
6.981230199430158096e-04
0.000000000000000000e+00
2.942260922792204556e-03
0.000000000000000000e+00
0.000000000000000000e+00
0.000000000000000000e+00
9.824881910430773857e+00
0.000000000000000000e+00
0.000000000000000000e+00
1.485404963477205298e+00
0.000000000000000000e+00
0.000000000000000000e+00
0.000000000000000000e+00
0.000000000000000000e+00
0.000000000000000000e+00
2.555406685456782130e-03
5.586967040202531383e-04
0.000000000000000000e+00
0.000000000000000000e+00
0.000000000000000000e+00
8.584465011269248012e-04
6.854904489826021529e-04
4.646888594579495074e-03
0.000000000000000000e+00
0.000000000000000000e+00
0.000000000000000000e+00
9.703173151636242721e+00
0.000000000000000000e+00
0.000000000000000000e+00
0.000000000000000000e+00
0.000000000000000000e+00
0.000000000000000000e+00
1.403993471491971512e+00
3.409331729440551184e-03
3.028480030049888420e-03
6.437432786897727627e-04
0.000000000000000000e+00
0.000000000000000000e+00
0.000000000000000000e+00
0.000000000000000000e+00
1.172843745001932235e-04
2.418867317955756234e-03
9.203537487138882534e-04
4.949692591130283939e-03
5.366392750147984003e+00
0.000000000000000000e+00
0.000000000000000000e+00
0.000000000000000000e+00
0.000000000000000000e+00
0.000000000000000000e+00
0.000000000000000000e+00
8.314976707408174406e+00
0.000000000000000000e+00
0.000000000000000000e+00
3.035852854020482279e-03
5.467720045605348744e+00
9.603703237995316706e-04
2.688574665417100325e-03
1.095512993088679643e+01
1.961018731995848620e-03
2.930040649112869325e-04
0.000000000000000000e+00
0.000000000000000000e+00
1.210493846384645522e+00
0.000000000000000000e+00
2.948962933189116509e+00
3.666735597309229266e+00
1.979092993207480689e+01
3.123092441377643257e-03
0.000000000000000000e+00
1.772234800382524716e-03
0.000000000000000000e+00
0.000000000000000000e+00
0.000000000000000000e+00
3.475401078421171075e+00
4.070045248159063433e+00
0.000000000000000000e+00
0.000000000000000000e+00
2.071171691006921556e+00
0.000000000000000000e+00
0.000000000000000000e+00
1.281941740091864190e+01
0.000000000000000000e+00
5.113403941496186711e+00
7.367452182106297952e-03
0.000000000000000000e+00
0.000000000000000000e+00
1.520314689022912980e+01
0.000000000000000000e+00
0.000000000000000000e+00
0.000000000000000000e+00
0.000000000000000000e+00
0.000000000000000000e+00
0.000000000000000000e+00
0.000000000000000000e+00
5.917160866545989606e+00
0.000000000000000000e+00
0.000000000000000000e+00
0.000000000000000000e+00
1.351306337078376097e-03
0.000000000000000000e+00
0.000000000000000000e+00
0.000000000000000000e+00
0.000000000000000000e+00
0.000000000000000000e+00
4.572459715491465843e-04
1.149894928550566675e+01
9.944095044120337956e-01
0.000000000000000000e+00
0.000000000000000000e+00
1.708116680349734962e+00
0.000000000000000000e+00
0.000000000000000000e+00
0.000000000000000000e+00
6.423678822166346336e+00
0.000000000000000000e+00
5.295804703757265308e+00
0.000000000000000000e+00
0.000000000000000000e+00
0.000000000000000000e+00
1.031754062548193365e-03
0.000000000000000000e+00
0.000000000000000000e+00
0.000000000000000000e+00
9.383891230844461973e+00
0.000000000000000000e+00
4.465487116701687131e-04
0.000000000000000000e+00
0.000000000000000000e+00
0.000000000000000000e+00
5.428715027968584669e-03
1.942301267035793444e-03
0.000000000000000000e+00
1.273838117455312901e-04
0.000000000000000000e+00
5.337081485020146232e+00
1.704945143934356722e+01
2.042556677890657468e+01
1.210068955017977368e-03
8.240520622062743423e-04
0.000000000000000000e+00
0.000000000000000000e+00
0.000000000000000000e+00
1.637419489937069631e-03
4.821519341239934552e-03
0.000000000000000000e+00
0.000000000000000000e+00
6.827820790120738871e-03
1.199722059089161519e+01
0.000000000000000000e+00
1.956624140326080052e+01
1.909173859590708846e-04
7.819527114982519761e-03
9.388542880164083115e+00
0.000000000000000000e+00
3.322734558915073008e-03
0.000000000000000000e+00
0.000000000000000000e+00
2.862057198496865094e-03
6.345437300223244915e-04
1.738175357482824382e-03
0.000000000000000000e+00
5.413017016749503085e+00
3.090598897549676316e+00
0.000000000000000000e+00
0.000000000000000000e+00
0.000000000000000000e+00
1.010268053576137959e+01
1.876796386915536985e+01
3.124865378298901764e+00
0.000000000000000000e+00
0.000000000000000000e+00
1.109035684793902975e-03
0.000000000000000000e+00
9.357942897723427578e+00
5.647812581845865765e+00
5.146129109219055179e-04
0.000000000000000000e+00
2.541990839727819012e-03
0.000000000000000000e+00
0.000000000000000000e+00
0.000000000000000000e+00
5.043557570899412923e+00
7.962506066435877036e-03
0.000000000000000000e+00
0.000000000000000000e+00
1.244762473057812624e+00
0.000000000000000000e+00
1.580347303006780058e+00
6.870085134882561562e+00
5.774599519959019212e+00
8.508926896115373735e-04
0.000000000000000000e+00
2.061953507987282280e-04
0.000000000000000000e+00
0.000000000000000000e+00
0.000000000000000000e+00
0.000000000000000000e+00
1.846859004998760323e+00
0.000000000000000000e+00
1.252418353378934637e-05
0.000000000000000000e+00
5.149168733693275379e-03
0.000000000000000000e+00
2.421856879553053066e+00
0.000000000000000000e+00
3.912861904400409596e+00
1.632026649489063622e-04
0.000000000000000000e+00
0.000000000000000000e+00
1.514710980220832148e+01
3.028060711206856048e+00
0.000000000000000000e+00
1.058659017975760843e-03
0.000000000000000000e+00
5.200834475836780157e+00
3.975552788230861889e+00
2.904551763590400348e+00
2.296152486486125778e-03
1.918004410414494987e-01
1.654750928651812971e-03
0.000000000000000000e+00
0.000000000000000000e+00
2.166841592246631976e+01
0.000000000000000000e+00
0.000000000000000000e+00
0.000000000000000000e+00
0.000000000000000000e+00
3.244307278060418100e-03
0.000000000000000000e+00
0.000000000000000000e+00
0.000000000000000000e+00
0.000000000000000000e+00
0.000000000000000000e+00
0.000000000000000000e+00
3.237926442359629897e-01
0.000000000000000000e+00
1.742099670567299379e-03
2.637149433932329590e+00
3.389523091768621211e-04
1.236575386782160457e+01
2.662493547781548137e-03
3.667556767609378543e+00
0.000000000000000000e+00
8.624838168696383266e-05
0.000000000000000000e+00
0.000000000000000000e+00
0.000000000000000000e+00
0.000000000000000000e+00
3.845434659598621387e-03
5.658286525968282167e-03
3.762752864630474815e-05
5.736435142165668744e+00
0.000000000000000000e+00
0.000000000000000000e+00
0.000000000000000000e+00
0.000000000000000000e+00
8.303777967981826455e-04
4.552821442072823466e+00
1.481433568535830192e+00
1.299950969991534380e-03
0.000000000000000000e+00
4.133356482879203884e-04
0.000000000000000000e+00
0.000000000000000000e+00
0.000000000000000000e+00
1.999930021488109926e-03
0.000000000000000000e+00
3.734719220868760840e-03
0.000000000000000000e+00
0.000000000000000000e+00
7.425008342367269698e+00
0.000000000000000000e+00
7.154659771255898401e-04
8.386089302720485250e+00
0.000000000000000000e+00
0.000000000000000000e+00
0.000000000000000000e+00
0.000000000000000000e+00
0.000000000000000000e+00
2.070973970491480909e+00
4.338885759483604595e-04
0.000000000000000000e+00
0.000000000000000000e+00
0.000000000000000000e+00
1.704480689021006867e+01
0.000000000000000000e+00
0.000000000000000000e+00
0.000000000000000000e+00
6.726863719073600478e+00
0.000000000000000000e+00
0.000000000000000000e+00
1.097491296677577211e+01
0.000000000000000000e+00
0.000000000000000000e+00
0.000000000000000000e+00
2.060212609128648630e-03
1.392154325112179736e+00
8.463729389349680332e+00
1.412059450852029308e+01
6.484389721296003550e+00
0.000000000000000000e+00
0.000000000000000000e+00
6.172434411968163656e-03
1.430060280519654548e+01
0.000000000000000000e+00
2.916395475248375387e-04
1.165545711897679304e+01
0.000000000000000000e+00
0.000000000000000000e+00
0.000000000000000000e+00
5.694575683449136783e+00
0.000000000000000000e+00
1.513431109187945367e+01
0.000000000000000000e+00
5.127226527329811212e+00
0.000000000000000000e+00
2.863680890705476489e+00
0.000000000000000000e+00
2.235791819951744586e+00
5.340650988096077079e+00
0.000000000000000000e+00
0.000000000000000000e+00
5.355289571585651665e+00
0.000000000000000000e+00
0.000000000000000000e+00
0.000000000000000000e+00
0.000000000000000000e+00
9.790601994192349444e-04
0.000000000000000000e+00
0.000000000000000000e+00
0.000000000000000000e+00
0.000000000000000000e+00
0.000000000000000000e+00
2.000721510721066142e-03
0.000000000000000000e+00
2.713477389373530002e+00
4.836283020275666919e-04
0.000000000000000000e+00
0.000000000000000000e+00
6.147639938708649332e+00
0.000000000000000000e+00
1.818671494328047249e-04
3.389880231789357268e+00
1.560256406226386613e-03
0.000000000000000000e+00
0.000000000000000000e+00
4.403309879396373194e-01
4.712790148743344787e+00
1.119556605187648657e+01
0.000000000000000000e+00
6.501314844525871769e-04
0.000000000000000000e+00
1.696690282904544239e-03
0.000000000000000000e+00
0.000000000000000000e+00
4.785252391963785469e-03
0.000000000000000000e+00
0.000000000000000000e+00
4.801624758404494692e-04
0.000000000000000000e+00
0.000000000000000000e+00
2.739172897576604409e-03
0.000000000000000000e+00
0.000000000000000000e+00
5.489140587096665545e-03
7.036722940721776547e-04
6.136863567985722471e-04
0.000000000000000000e+00
0.000000000000000000e+00
0.000000000000000000e+00
1.183610576839848250e+01
2.149698948129988807e+01
0.000000000000000000e+00
0.000000000000000000e+00
0.000000000000000000e+00
0.000000000000000000e+00
0.000000000000000000e+00
1.180130392584977095e+01
0.000000000000000000e+00
0.000000000000000000e+00
1.443530401837902523e-03
0.000000000000000000e+00
0.000000000000000000e+00
1.827687369973582054e+00
9.921494024154183577e+00
0.000000000000000000e+00
0.000000000000000000e+00
1.152164115533774336e+01
4.174178594471441434e-03
3.627027395223191529e-03
0.000000000000000000e+00
0.000000000000000000e+00
2.965149557482249748e-04
3.699092028432271039e-03
8.803949851466543039e-04
1.355922369644159105e-03
0.000000000000000000e+00
0.000000000000000000e+00
5.769609090408241769e+00
0.000000000000000000e+00
3.760174982376979485e-03
2.413557890737031197e+00
8.991520248409900162e+00
1.156652134297033791e-04
0.000000000000000000e+00
2.998505806111463201e+01
2.488730435117591892e-03
0.000000000000000000e+00
3.086864586661006160e-03
0.000000000000000000e+00
0.000000000000000000e+00
1.912659188604221328e+01
2.321193874661505591e-04
1.870808681100329807e+01
5.654910117679797085e-04
9.658184314721896868e+00
0.000000000000000000e+00
0.000000000000000000e+00
0.000000000000000000e+00
0.000000000000000000e+00
4.066393078127976922e-03
1.173856851734016030e-03
0.000000000000000000e+00
0.000000000000000000e+00
0.000000000000000000e+00
6.987746485596229462e+00
2.131213110012023737e+00
3.075945685537785461e-03
5.882948600518733251e+00
7.670239150408325379e+00
7.341119664092682221e-04
1.998938783504037175e+01
1.109208339910705021e+01
0.000000000000000000e+00
2.041959544964973006e+00
6.174746505775445017e-03
8.146840094452058832e-04
0.000000000000000000e+00
9.255246018629726734e+00
0.000000000000000000e+00
0.000000000000000000e+00
0.000000000000000000e+00
0.000000000000000000e+00
0.000000000000000000e+00
0.000000000000000000e+00
1.390422567134748100e+01
0.000000000000000000e+00
0.000000000000000000e+00
5.176139548276599209e-03
0.000000000000000000e+00
1.847719071505689570e+01
2.201804369859254682e-03
0.000000000000000000e+00
0.000000000000000000e+00
4.007576733311843498e+00
0.000000000000000000e+00
2.239131745556092665e-03
0.000000000000000000e+00
5.716444433625791355e+00
4.455521574656234321e-04
3.030491046657280210e-04
3.164103213063193643e+00
3.615059154197798996e+00
0.000000000000000000e+00
0.000000000000000000e+00
0.000000000000000000e+00
7.236309496926700113e+00
0.000000000000000000e+00
0.000000000000000000e+00
0.000000000000000000e+00
0.000000000000000000e+00
8.403337293108971212e-04
0.000000000000000000e+00
7.294328501455775715e+00
0.000000000000000000e+00
2.042277103175128783e+00
0.000000000000000000e+00
4.718738133745736807e-03
0.000000000000000000e+00
0.000000000000000000e+00
0.000000000000000000e+00
0.000000000000000000e+00
1.253048527728805629e-03
9.584939321754102792e+00
0.000000000000000000e+00
6.672857490259308300e+00
0.000000000000000000e+00
0.000000000000000000e+00
0.000000000000000000e+00
5.422513987545412917e+00
0.000000000000000000e+00
7.766550004898773452e+00
5.494242865471811281e-03
0.000000000000000000e+00
6.450335120102432089e-03
0.000000000000000000e+00
0.000000000000000000e+00
0.000000000000000000e+00
0.000000000000000000e+00
2.160868248985500003e-03
2.382242563813078383e-03
0.000000000000000000e+00
1.880979901446964142e+00
1.797598194655455244e-03
0.000000000000000000e+00
5.415457042852128033e+00
0.000000000000000000e+00
0.000000000000000000e+00
0.000000000000000000e+00
5.962666557194288508e+00
6.266369053592722206e-03
7.736067128787846858e-01
8.011523027560670585e+00
2.019567382618843165e+00
1.199315917858053944e-03
2.052997072288993349e-03
0.000000000000000000e+00
1.549480209449718693e+01
0.000000000000000000e+00
1.307878962590572947e+01
2.113032995633830086e-03
6.773227222529285300e-04
3.250077314481975704e-03
1.616866524576984077e+01
0.000000000000000000e+00
0.000000000000000000e+00
0.000000000000000000e+00
8.370676486816126527e+00
0.000000000000000000e+00
0.000000000000000000e+00
0.000000000000000000e+00
0.000000000000000000e+00
0.000000000000000000e+00
0.000000000000000000e+00
1.094078954819465110e+01
0.000000000000000000e+00
2.835550607155103695e-04
1.013258249696200508e+01
0.000000000000000000e+00
0.000000000000000000e+00
3.032264880936444484e+01
4.979406127230474009e-03
0.000000000000000000e+00
0.000000000000000000e+00
5.313349574228297704e-04
2.831760800049288977e-04
3.088231185287603278e-03
0.000000000000000000e+00
4.493680476991676088e-03
0.000000000000000000e+00
0.000000000000000000e+00
0.000000000000000000e+00
0.000000000000000000e+00
0.000000000000000000e+00
5.058058425478190401e+00
3.406873421281789049e+00
0.000000000000000000e+00
0.000000000000000000e+00
0.000000000000000000e+00
3.026418138723691617e-04
0.000000000000000000e+00
0.000000000000000000e+00
9.713655061643580169e+00
0.000000000000000000e+00
9.058074605058516582e+00
0.000000000000000000e+00
0.000000000000000000e+00
1.060365634703153495e-03
0.000000000000000000e+00
1.903634809969915409e+01
0.000000000000000000e+00
3.625359034241815853e-03
0.000000000000000000e+00
1.184964598279757730e+01
5.589563775218190145e+00
2.510828982643918596e-03
4.653037300382854902e+00
0.000000000000000000e+00
1.105214125713297335e+01
2.353014381538359956e+00
0.000000000000000000e+00
6.929258704554650095e+00
0.000000000000000000e+00
3.625791129872968810e+00
5.307662127856425549e+00
0.000000000000000000e+00
5.013125273482673359e-04
0.000000000000000000e+00
1.047303246754309990e-03
0.000000000000000000e+00
0.000000000000000000e+00
0.000000000000000000e+00
0.000000000000000000e+00
0.000000000000000000e+00
0.000000000000000000e+00
0.000000000000000000e+00
0.000000000000000000e+00
5.306013664920955150e-03
0.000000000000000000e+00
3.197592183885177453e-03
0.000000000000000000e+00
0.000000000000000000e+00
0.000000000000000000e+00
3.342124087816695344e+00
0.000000000000000000e+00
0.000000000000000000e+00
0.000000000000000000e+00
2.660109472386446277e-03
1.071110636550407591e+01
0.000000000000000000e+00
0.000000000000000000e+00
0.000000000000000000e+00
0.000000000000000000e+00
0.000000000000000000e+00
8.302002989040177614e-04
5.651274147412767073e-04
0.000000000000000000e+00
8.558428283601797304e+00
6.043696143701292378e+00
0.000000000000000000e+00
1.188848194414636678e-03
8.827841789924612215e+00
2.099682141989377637e+00
1.200926705888932675e-04
4.966183719380857120e+00
0.000000000000000000e+00
0.000000000000000000e+00
8.152112820129095994e+00
0.000000000000000000e+00
0.000000000000000000e+00
0.000000000000000000e+00
0.000000000000000000e+00
2.750631860343908386e+00
5.985205011925235352e-01
0.000000000000000000e+00
0.000000000000000000e+00
3.793244283782747171e-03
2.947174745772513076e-03
0.000000000000000000e+00
2.169668610582150325e+00
5.349063611168117127e+00
0.000000000000000000e+00
0.000000000000000000e+00
5.372282162788708071e+00
7.251870982536575642e-04
0.000000000000000000e+00
2.069716304354191246e-03
0.000000000000000000e+00
1.794024588444597779e+00
1.104804522374040943e+01
1.891676475762752165e-05
2.983824884948101719e+00
4.084629629699581876e+00
0.000000000000000000e+00
8.476186930664423051e-04
8.019146566519796959e-01
0.000000000000000000e+00
0.000000000000000000e+00
6.302263955153427060e-04
0.000000000000000000e+00
3.015600635372382765e+00
0.000000000000000000e+00
3.160922329368838213e+00
5.885073504492573365e-04
1.126948094541936385e+01
6.095791221363345613e+00
0.000000000000000000e+00
0.000000000000000000e+00
3.081099860721705941e+00
1.933659650646808899e-03
0.000000000000000000e+00
3.503797669843568860e-04
0.000000000000000000e+00
0.000000000000000000e+00
0.000000000000000000e+00
1.200946850126886900e-03
6.354174705576992425e-04
0.000000000000000000e+00
3.005747481275243202e-03
0.000000000000000000e+00
0.000000000000000000e+00
0.000000000000000000e+00
0.000000000000000000e+00
0.000000000000000000e+00
1.290190130470932894e+00
0.000000000000000000e+00
0.000000000000000000e+00
3.511521020643727287e+00
0.000000000000000000e+00
4.938153716977020102e-04
1.135684563472489673e-03
0.000000000000000000e+00
1.000028049826460297e+01
0.000000000000000000e+00
0.000000000000000000e+00
0.000000000000000000e+00
0.000000000000000000e+00
1.934806596629549654e-03
0.000000000000000000e+00
1.082018996602329870e-03
0.000000000000000000e+00
5.901521241625775627e-01
7.981200352056467293e-05
1.943399796565438464e+01
0.000000000000000000e+00
0.000000000000000000e+00
0.000000000000000000e+00
1.366691448668448272e+00
0.000000000000000000e+00
3.021145500835913794e-03
1.347469636492012057e+01
0.000000000000000000e+00
0.000000000000000000e+00
0.000000000000000000e+00
0.000000000000000000e+00
7.143531334308805825e+00
2.827009049554034537e+00
6.689451498650964174e-03
0.000000000000000000e+00
6.069439781374708076e+00
3.733322326493711046e-04
0.000000000000000000e+00
5.309454600498797916e+00
0.000000000000000000e+00
0.000000000000000000e+00
2.051287944230074700e+01
8.385916046688697383e-04
0.000000000000000000e+00
0.000000000000000000e+00
0.000000000000000000e+00
0.000000000000000000e+00
2.527105550725609190e-03
0.000000000000000000e+00
9.776452908810950859e+00
5.045598223411616561e-04
6.615555375593307197e+00
0.000000000000000000e+00
4.246882687245167709e+00
0.000000000000000000e+00
2.417881388574792734e+00
0.000000000000000000e+00
0.000000000000000000e+00
0.000000000000000000e+00
0.000000000000000000e+00
3.235882199726578846e-03
0.000000000000000000e+00
0.000000000000000000e+00
2.546756276504553475e-03
0.000000000000000000e+00
1.241806200449071454e-05
0.000000000000000000e+00
0.000000000000000000e+00
1.792924841507250022e+01
0.000000000000000000e+00
2.881770266841360950e+00
0.000000000000000000e+00
0.000000000000000000e+00
0.000000000000000000e+00
1.548329855892795415e+01
0.000000000000000000e+00
2.747024908976371423e-04
0.000000000000000000e+00
0.000000000000000000e+00
0.000000000000000000e+00
6.937952369324934310e+00
3.784708255850497416e+00
0.000000000000000000e+00
5.839988366226990307e-04
0.000000000000000000e+00
0.000000000000000000e+00
3.216117556878290706e+00
4.570289523764158979e+00
9.064105630213944664e+00
0.000000000000000000e+00
0.000000000000000000e+00
1.968148768961323295e-04
0.000000000000000000e+00
0.000000000000000000e+00
1.240186186031940396e-03
1.847715188946283740e-03
7.688294602504286510e-04
0.000000000000000000e+00
8.686632275622205412e+00
4.394292386284019969e+00
0.000000000000000000e+00
0.000000000000000000e+00
0.000000000000000000e+00
0.000000000000000000e+00
1.906282404129501661e-05
2.578908960139872697e+00
6.561298581621462844e+00
0.000000000000000000e+00
2.264813356056654715e-03
0.000000000000000000e+00
0.000000000000000000e+00
0.000000000000000000e+00
0.000000000000000000e+00
0.000000000000000000e+00
4.471945700315396621e+00
0.000000000000000000e+00
0.000000000000000000e+00
1.138462707694087328e+01
6.467567617194297291e+00
3.647043666575836340e+00
0.000000000000000000e+00
0.000000000000000000e+00
0.000000000000000000e+00
0.000000000000000000e+00
1.867378118576119893e-03
0.000000000000000000e+00
0.000000000000000000e+00
1.671483170720240707e+01
7.977943193951444458e-04
6.033540976878755124e+00
0.000000000000000000e+00
0.000000000000000000e+00
4.486695816589383531e-03
1.953478649195214325e-03
0.000000000000000000e+00
6.349052899456459009e+00
9.463635293648872349e+00
0.000000000000000000e+00
0.000000000000000000e+00
0.000000000000000000e+00
0.000000000000000000e+00
0.000000000000000000e+00
0.000000000000000000e+00
2.024331929414473485e-01
0.000000000000000000e+00
3.137022256740093606e+00
0.000000000000000000e+00
5.880195762057132125e-01
1.203362316935433007e+01
4.947457716339624945e+00
0.000000000000000000e+00
4.159567668648413846e-03
1.601886087705258919e-03
1.419602255481325415e+01
3.028843051932611345e-04
9.677374444251450214e+00
0.000000000000000000e+00
3.133325259095506077e+00
0.000000000000000000e+00
0.000000000000000000e+00
0.000000000000000000e+00
0.000000000000000000e+00
1.292577110702239959e-03
5.270947988594019799e-03
0.000000000000000000e+00
0.000000000000000000e+00
5.052529927453726089e+00
0.000000000000000000e+00
1.323543317650251261e+01
0.000000000000000000e+00
3.932504239837069119e-04
7.779411842513385800e+00
0.000000000000000000e+00
3.210196372994402088e-03
0.000000000000000000e+00
1.381348742245349834e-04
2.537095965502514372e-03
1.633877185862733938e+01
0.000000000000000000e+00
7.490123843058683839e+00
3.113279257163231294e-03
0.000000000000000000e+00
8.304631262137256442e+00
1.061781342964711189e-01
1.914389397454259178e-01
0.000000000000000000e+00
0.000000000000000000e+00
6.150415247281527442e+00
0.000000000000000000e+00
4.802386645675889125e-05
0.000000000000000000e+00
1.188937473133871645e-03
3.481158239360030750e-03
8.113369982886846398e-04
0.000000000000000000e+00
0.000000000000000000e+00
1.492853131149586782e-03
0.000000000000000000e+00
3.695790532526169958e+00
5.325467956107317845e-03
0.000000000000000000e+00
1.121674722215201293e-03
6.117780026017640913e-03
7.360853935853903371e-04
0.000000000000000000e+00
5.202085706050443110e-04
2.698036990593891430e-04
5.159650634595742247e+00
4.202768259319326384e-03
0.000000000000000000e+00
1.696163323382891264e+01
0.000000000000000000e+00
0.000000000000000000e+00
0.000000000000000000e+00
7.391487943389212097e-05
0.000000000000000000e+00
0.000000000000000000e+00
8.321970687380577658e+00
0.000000000000000000e+00
0.000000000000000000e+00
5.289911843669444858e-04
4.519432500686098919e+00
0.000000000000000000e+00
0.000000000000000000e+00
0.000000000000000000e+00
3.067722947178559700e-03
0.000000000000000000e+00
3.237489535749776604e+00
9.973087249294485090e+00
0.000000000000000000e+00
0.000000000000000000e+00
1.265233896337566392e-03
0.000000000000000000e+00
0.000000000000000000e+00
0.000000000000000000e+00
2.280836110324806931e+00
0.000000000000000000e+00
8.929984177151927272e-01
0.000000000000000000e+00
0.000000000000000000e+00
0.000000000000000000e+00
2.910214733976926055e-03
1.289358807990110733e+01
3.624219663958787828e-03
2.853823723616467412e+00
0.000000000000000000e+00
0.000000000000000000e+00
0.000000000000000000e+00
7.038155468726294828e+00
0.000000000000000000e+00
2.376936389251705316e-04
0.000000000000000000e+00
0.000000000000000000e+00
6.089709787502471272e+00
2.318411260784675795e-03
0.000000000000000000e+00
8.012084833131257966e+00
2.145150806391945775e+00
0.000000000000000000e+00
1.225147259489652285e+01
0.000000000000000000e+00
3.445403852418640334e+00
0.000000000000000000e+00
1.418187396802753639e-03
0.000000000000000000e+00
0.000000000000000000e+00
1.776341626973871257e+01
0.000000000000000000e+00
0.000000000000000000e+00
0.000000000000000000e+00
0.000000000000000000e+00
1.750753079430554440e-03
0.000000000000000000e+00
7.415044691020600959e-03
0.000000000000000000e+00
5.935960786905424176e-04
6.646883176884811562e+00
4.762134133764866384e+00
6.691644506774803158e-01
0.000000000000000000e+00
0.000000000000000000e+00
2.298451207363449544e+00
4.810115690805751910e-04
2.805234209361990617e-03
1.651535029890466744e+00
0.000000000000000000e+00
1.352056970648816758e+01
1.114394486426388831e+01
2.141510468895831349e-04
0.000000000000000000e+00
1.603317701578010684e-03
9.212769665311721923e+00
0.000000000000000000e+00
0.000000000000000000e+00
0.000000000000000000e+00
0.000000000000000000e+00
6.750850865623144641e-04
8.063975500710929722e+00
0.000000000000000000e+00
0.000000000000000000e+00
3.134764381048413370e-04
0.000000000000000000e+00
0.000000000000000000e+00
0.000000000000000000e+00
0.000000000000000000e+00
0.000000000000000000e+00
0.000000000000000000e+00
5.078740992255925089e-07
0.000000000000000000e+00
0.000000000000000000e+00
3.209537674094109505e+00
0.000000000000000000e+00
5.706023687355599042e-04
1.130387203657789286e+01
8.835821936058961157e+00
3.767265698316004524e-03
1.077723622782585622e+01
1.790189032664176594e+01
0.000000000000000000e+00
0.000000000000000000e+00
0.000000000000000000e+00
1.508204130811858512e+01
0.000000000000000000e+00
0.000000000000000000e+00
0.000000000000000000e+00
3.760294200012908976e-03
7.828903941714368209e+00
2.089546560280886212e+01
2.825447778926557518e+00
4.052277499227419783e-03
0.000000000000000000e+00
8.599260484528922039e-04
9.742066705604677246e-01
1.144392012733161466e-03
0.000000000000000000e+00
0.000000000000000000e+00
0.000000000000000000e+00
8.797284501002156532e+00
0.000000000000000000e+00
3.246174375176590857e-03
0.000000000000000000e+00
0.000000000000000000e+00
1.358994197020150661e-04
5.541810890576408938e-03
2.037809117698415051e-03
0.000000000000000000e+00
4.009783190986257462e-03
2.952860838664464558e-03
0.000000000000000000e+00
1.039180807668890871e+00
3.116509584147731759e-04
2.511304317734371159e-03
2.078943437896393822e-03
0.000000000000000000e+00
1.617241651209004516e+01
0.000000000000000000e+00
5.084618511968283690e-03
1.337915800996131253e-03
1.100683251862504264e+01
0.000000000000000000e+00
4.160408633099769646e-03
1.937572526498589243e+00
0.000000000000000000e+00
0.000000000000000000e+00
5.170248597769455223e+00
0.000000000000000000e+00
0.000000000000000000e+00
6.886186710044361501e-04
0.000000000000000000e+00
0.000000000000000000e+00
0.000000000000000000e+00
4.516732769388769790e-04
1.746905487506537295e-03
0.000000000000000000e+00
0.000000000000000000e+00
0.000000000000000000e+00
0.000000000000000000e+00
1.691554242527260922e-03
0.000000000000000000e+00
0.000000000000000000e+00
0.000000000000000000e+00
2.221891762798088726e-03
5.104705897743816315e-04
1.031886164403855851e-03
1.981299525578702689e-03
0.000000000000000000e+00
3.830241771698782854e-03
0.000000000000000000e+00
1.055498084735696196e+01
2.372610618882589097e-03
0.000000000000000000e+00
0.000000000000000000e+00
0.000000000000000000e+00
0.000000000000000000e+00
0.000000000000000000e+00
1.267185948943699891e+01
3.580605822255937976e-03
6.099894542681803422e+00
0.000000000000000000e+00
3.191414196795987923e+00
2.226275952861897674e-03
3.562852239415133042e-04
3.215676817092993023e+00
0.000000000000000000e+00
1.632469985448815919e+01
0.000000000000000000e+00
2.751450032395966454e-03
0.000000000000000000e+00
0.000000000000000000e+00
0.000000000000000000e+00
2.503670182610296183e-03
3.483842028288150049e-03
3.675240981458191818e-03
1.293947822935770198e+01
0.000000000000000000e+00
0.000000000000000000e+00
1.261471304685271733e+01
0.000000000000000000e+00
0.000000000000000000e+00
0.000000000000000000e+00
1.885153878432205943e+00
0.000000000000000000e+00
0.000000000000000000e+00
0.000000000000000000e+00
1.136872913562963028e+01
1.370536537324182902e+01
0.000000000000000000e+00
4.392744182342165793e+00
0.000000000000000000e+00
1.172925570708125598e+01
0.000000000000000000e+00
0.000000000000000000e+00
0.000000000000000000e+00
0.000000000000000000e+00
5.806856087118801753e-03
0.000000000000000000e+00
8.239847707307903946e+00
2.486120947152571734e-03
0.000000000000000000e+00
0.000000000000000000e+00
1.151779536702761497e+01
1.492915017964198787e+00
1.893665471799357070e+00
1.693829860946256316e+00
1.296246539558609193e-03
4.160226610274767728e-03
8.634456590614164552e-04
0.000000000000000000e+00
4.296805924597387083e+00
1.046024988707890913e+01
4.423550633286196465e+00
0.000000000000000000e+00
9.252432617125972314e+00
0.000000000000000000e+00
0.000000000000000000e+00
1.330505612691726469e+01
0.000000000000000000e+00
3.678018130594307600e+00
0.000000000000000000e+00
3.720129975579662056e-04
1.539361381274541252e+00
0.000000000000000000e+00
0.000000000000000000e+00
1.103020991999052125e+00
0.000000000000000000e+00
1.600888041315485556e-04
1.492736993817434313e-03
1.200833875587671251e+01
4.838292632209545197e+00
1.053316001817622904e+01
0.000000000000000000e+00
0.000000000000000000e+00
2.017909014066218365e+00
0.000000000000000000e+00
0.000000000000000000e+00
0.000000000000000000e+00
4.470532633746434392e+00
0.000000000000000000e+00
2.957884139174402072e-03
0.000000000000000000e+00
0.000000000000000000e+00
8.256751792860242745e+00
1.045248356896802022e+01
0.000000000000000000e+00
0.000000000000000000e+00
0.000000000000000000e+00
0.000000000000000000e+00
6.034020052723487217e-03
1.216467046753471060e+01
0.000000000000000000e+00
2.152619382896789801e+01
1.133184613964482068e+01
5.157712229984350174e-05
1.445802982718448059e-04
1.632151065847873100e-05
0.000000000000000000e+00
0.000000000000000000e+00
0.000000000000000000e+00
5.718531030841150602e-03
7.087217668454138218e-04
0.000000000000000000e+00
7.439784457725544600e-03
2.186730477112029725e+00
3.482992186955794267e+00
1.181094699646585613e-03
6.318170758080047911e+00
5.256260633257190840e+00
3.220505396201838266e+01
0.000000000000000000e+00
0.000000000000000000e+00
0.000000000000000000e+00
0.000000000000000000e+00
1.469898086059546072e-03
2.990332992199747335e-03
2.609456556468213971e-04
0.000000000000000000e+00
2.849326995218373973e-03
0.000000000000000000e+00
0.000000000000000000e+00
2.383510956718101426e+01
5.398466467669641666e+00
0.000000000000000000e+00
0.000000000000000000e+00
3.198962008433113222e-03
2.172694439569538005e+00
3.745573878872063105e-03
1.928371385641729175e-03
9.693696101061677339e-01
3.277800214187617911e+00
5.198081787362411887e+00
1.301330558075097050e-03
0.000000000000000000e+00
2.768699495184724288e-03
1.160825840243573026e+01
0.000000000000000000e+00
0.000000000000000000e+00
8.588058152510514631e+00
1.071464362242319979e+01
8.134972131643904092e+00
1.295895824188809248e-03
2.448210348948274065e-03
4.852744645000734103e+00
0.000000000000000000e+00
4.850693391245783814e-04
0.000000000000000000e+00
0.000000000000000000e+00
7.432644457351722522e+00
0.000000000000000000e+00
0.000000000000000000e+00
0.000000000000000000e+00
0.000000000000000000e+00
1.771821098502101687e-03
0.000000000000000000e+00
0.000000000000000000e+00
3.744737735893282071e+00
0.000000000000000000e+00
5.223376535993022813e-04
0.000000000000000000e+00
0.000000000000000000e+00
0.000000000000000000e+00
0.000000000000000000e+00
0.000000000000000000e+00
2.290346726465539717e+01
0.000000000000000000e+00
1.210026793967307812e-03
3.961253304642137554e-03
0.000000000000000000e+00
6.252951191052962595e-04
0.000000000000000000e+00
0.000000000000000000e+00
0.000000000000000000e+00
4.911776747853823866e-04
0.000000000000000000e+00
7.304304100507943431e+00
2.504983602571454228e-03
3.530435217081728116e-05
5.133307766122704230e+00
2.030166259543431800e-03
0.000000000000000000e+00
1.188610550773021046e+01
1.608612037864227062e+01
0.000000000000000000e+00
8.319460625387044672e+00
0.000000000000000000e+00
0.000000000000000000e+00
1.391753714462911073e+00
4.236923541722176743e-03
2.166355737452182670e-03
4.304473990622621651e-04
0.000000000000000000e+00
9.337593139670350307e-04
0.000000000000000000e+00
0.000000000000000000e+00
0.000000000000000000e+00
2.868884388089038809e-04
0.000000000000000000e+00
0.000000000000000000e+00
5.064793237254487046e+00
0.000000000000000000e+00
1.469418056846560558e-03
1.340530731128377395e+00
2.581659118553450080e-03
0.000000000000000000e+00
0.000000000000000000e+00
7.636983899075331372e+00
7.604758076712560211e+00
9.029015725777066237e+00
1.785136591990874825e-03
0.000000000000000000e+00
0.000000000000000000e+00
0.000000000000000000e+00
6.440919147058698363e-03
7.868820438522561691e-04
2.350739886712040455e-04
0.000000000000000000e+00
1.431991143901038299e+01
0.000000000000000000e+00
0.000000000000000000e+00
0.000000000000000000e+00
1.455136676906819599e-04
1.680533322383681849e+01
0.000000000000000000e+00
0.000000000000000000e+00
5.137231477662619443e-03
0.000000000000000000e+00
0.000000000000000000e+00
0.000000000000000000e+00
0.000000000000000000e+00
1.738983028512288342e+01
4.500600733826755871e-03
0.000000000000000000e+00
0.000000000000000000e+00
1.559131419175668398e+01
0.000000000000000000e+00
0.000000000000000000e+00
9.713717598289473898e+00
0.000000000000000000e+00
0.000000000000000000e+00
8.577919405316304591e+00
1.348638003857562800e-03
4.190744092326159631e+00
0.000000000000000000e+00
0.000000000000000000e+00
4.924584645186683672e-03
1.759082117582716709e+00
0.000000000000000000e+00
5.484416522680396255e+00
1.175685452508925088e+01
0.000000000000000000e+00
5.531503278055951434e+00
5.286735865256228628e+00
1.301863876984887380e-03
0.000000000000000000e+00
1.775794473611377322e+00
1.018837833536891502e+01
0.000000000000000000e+00
0.000000000000000000e+00
0.000000000000000000e+00
1.745808273004477940e+00
1.441678113300626052e+01
1.631065304494238255e+00
9.305768037727970565e+00
0.000000000000000000e+00
0.000000000000000000e+00
0.000000000000000000e+00
0.000000000000000000e+00
1.218752086440830062e+01
3.860867856902636661e-04
0.000000000000000000e+00
0.000000000000000000e+00
3.530338272579195191e+00
6.602994240269780546e-01
0.000000000000000000e+00
1.543293168303464569e+01
5.495581403721863545e+00
2.775647550229170396e-03
0.000000000000000000e+00
0.000000000000000000e+00
0.000000000000000000e+00
7.769167491759078337e-03
0.000000000000000000e+00
0.000000000000000000e+00
1.619346858295698643e-03
1.043180778920798524e+01
2.247035222719420133e+00
2.040140720725343471e+01
5.270332941306484983e-03
0.000000000000000000e+00
0.000000000000000000e+00
3.472584192562315399e-04
0.000000000000000000e+00
1.315717158321543260e-03
4.679375915645179844e-03
2.343255510707298317e+00
0.000000000000000000e+00
0.000000000000000000e+00
0.000000000000000000e+00
1.464306745787946440e+01
0.000000000000000000e+00
1.473904860273024748e-03
0.000000000000000000e+00
0.000000000000000000e+00
0.000000000000000000e+00
0.000000000000000000e+00
9.575895041270909933e-04
1.083551735621337154e-03
0.000000000000000000e+00
0.000000000000000000e+00
1.457699066372779685e-03
0.000000000000000000e+00
5.548832682699584851e+00
0.000000000000000000e+00
7.835788621608791998e-04
0.000000000000000000e+00
0.000000000000000000e+00
3.436124066661705488e-04
1.696137279863008018e+01
3.181314511104050332e-04
3.761244195894249742e+00
0.000000000000000000e+00
5.570005210051706332e-03
8.875124111691015116e+00
1.291822253571567368e-03
0.000000000000000000e+00
0.000000000000000000e+00
5.575554491764187048e+00
4.840174790675682735e-04
0.000000000000000000e+00
0.000000000000000000e+00
0.000000000000000000e+00
0.000000000000000000e+00
0.000000000000000000e+00
4.531316163355602278e+00
0.000000000000000000e+00
0.000000000000000000e+00
9.309610247862111221e-01
0.000000000000000000e+00
0.000000000000000000e+00
0.000000000000000000e+00
0.000000000000000000e+00
3.858651677088366654e-04
1.778931501717934127e+00
6.411407057102533003e+00
3.408484370701692144e-04
1.046620471882006229e-02
0.000000000000000000e+00
8.330094094570279686e-04
9.669758954096561610e+00
0.000000000000000000e+00
0.000000000000000000e+00
0.000000000000000000e+00
0.000000000000000000e+00
0.000000000000000000e+00
4.162551337087331049e+00
0.000000000000000000e+00
0.000000000000000000e+00
0.000000000000000000e+00
0.000000000000000000e+00
5.433489541330536500e-03
0.000000000000000000e+00
0.000000000000000000e+00
0.000000000000000000e+00
1.936180593254435180e-03
2.660212568796321175e+00
4.791981599439177827e-03
0.000000000000000000e+00
9.308000734571567847e+00
5.881187157675096810e-02
0.000000000000000000e+00
0.000000000000000000e+00
0.000000000000000000e+00
0.000000000000000000e+00
4.375781978930141404e-03
0.000000000000000000e+00
1.535464505375831479e+01
0.000000000000000000e+00
0.000000000000000000e+00
0.000000000000000000e+00
9.313921587156580913e-04
2.417075217897741990e-01
0.000000000000000000e+00
0.000000000000000000e+00
0.000000000000000000e+00
2.241693472602917202e-03
4.735508199537543858e-03
9.327194946988308644e+00
0.000000000000000000e+00
9.022533205320240959e-04
0.000000000000000000e+00
4.450598462002637048e-04
0.000000000000000000e+00
0.000000000000000000e+00
0.000000000000000000e+00
1.502882016965379763e-01
0.000000000000000000e+00
2.239932278071021104e-03
1.432957831051370951e-04
0.000000000000000000e+00
1.068139124380758365e-03
7.174177214672906588e-01
0.000000000000000000e+00
4.231140384100298864e-03
0.000000000000000000e+00
0.000000000000000000e+00
0.000000000000000000e+00
3.497077632562230805e-03
0.000000000000000000e+00
1.503897567111289106e-04
0.000000000000000000e+00
1.558473077907928913e-03
4.132770623599107296e+00
1.922623574805104951e+01
0.000000000000000000e+00
0.000000000000000000e+00
7.985260353569574754e+00
0.000000000000000000e+00
0.000000000000000000e+00
8.528592247271772564e+00
9.704270399009569392e-04
0.000000000000000000e+00
