0.000000000000000000e+00
0.000000000000000000e+00
0.000000000000000000e+00
0.000000000000000000e+00
1.093416035597477709e+01
0.000000000000000000e+00
0.000000000000000000e+00
0.000000000000000000e+00
2.464758939629572598e+00
0.000000000000000000e+00
0.000000000000000000e+00
0.000000000000000000e+00
2.703835198628008474e-01
0.000000000000000000e+00
0.000000000000000000e+00
8.208204975986889806e+00
0.000000000000000000e+00
0.000000000000000000e+00
0.000000000000000000e+00
0.000000000000000000e+00
1.359443021395683182e-01
0.000000000000000000e+00
0.000000000000000000e+00
0.000000000000000000e+00
0.000000000000000000e+00
0.000000000000000000e+00
1.034665766256578578e+01
1.286654659986709304e-01
1.050073191131441069e-01
0.000000000000000000e+00
0.000000000000000000e+00
0.000000000000000000e+00
9.112526953352877157e-02
0.000000000000000000e+00
1.045666310733836257e-01
3.648459707091375459e-01
0.000000000000000000e+00
2.643039243846539432e-01
4.964302729085501853e-01
4.997185508992669778e-01
3.958653362626481376e-01
6.696986532213935472e-01
4.155295712289903132e-01
1.191411461000424943e+01
5.719963639705425429e-01
1.873158511031842366e+01
8.644108181857348416e-01
9.080967325131948931e-01
1.005968618446470764e+01
5.265822434407058106e-01
7.933011719580616017e-01
7.036634733207468573e-01
6.702147231793166293e-01
5.375293148762517736e-01
9.549122910733475189e-01
7.418189194001920672e-01
4.291253414527070653e+00
1.074610582715812113e+00
9.976018775759021295e-01
1.268176619211479839e+01
1.340548611986849536e+01
4.739753787203218605e-01
6.640745680046300059e+00
7.972374726686167756e-01
1.523604963364993736e+00
7.218100466111490032e-01
6.150217398896746790e-01
5.213516448878524612e-01
1.023439948570459945e+00
1.310653594713676640e+01
5.367268647775368384e-01
8.693712426000723692e-01
2.206131274595069858e+00
7.838768825515853855e-01
5.659457428897818332e-01
1.989449527159765918e-01
1.029982687455739176e+00
5.600444208613326591e-01
6.240683440054397568e-01
6.963657670503882180e-01
1.491167529452302576e+00
7.064711594102629499e-01
4.425473132735516790e-01
8.415862165742932888e+00
7.951855785069820159e-01
3.250421362572127326e-01
1.020320224426107120e-01
1.517163453184643684e-01
3.940632513652848612e-01
4.880547665008053926e+00
8.029456724291261782e-01
0.000000000000000000e+00
2.973008234330091204e-01
0.000000000000000000e+00
4.070284790818249898e-01
5.548538708795838215e-01
8.346408228875504820e-01
1.126318206233105101e+01
2.219043555869399498e+00
0.000000000000000000e+00
5.710635581484703183e-01
0.000000000000000000e+00
1.856015408452137694e-01
1.782853102913424803e-01
3.312229841505827554e+00
3.751034147029894822e-02
8.627473194798374934e+00
2.418410169894396944e+00
1.854915588867416032e+00
0.000000000000000000e+00
8.342901092151933096e-01
5.093666685416328166e-01
4.188376524299295967e-01
0.000000000000000000e+00
7.798608759044585170e+00
6.791802100493058436e-01
5.560099838341853867e-02
9.899297493925194313e-01
5.753406802519035468e-01
1.307970010911504444e-01
4.242949735521644450e-01
1.230689657468918563e+00
0.000000000000000000e+00
3.639079160148210312e-01
6.054477635701299709e-01
2.732151331417431162e-01
0.000000000000000000e+00
2.593445600827098962e-01
3.273936766016332101e-01
3.197380943404920517e-01
9.869907305688796484e+00
6.351045942107707454e+00
0.000000000000000000e+00
1.015065006253583668e+01
0.000000000000000000e+00
5.706493329064726838e-01
0.000000000000000000e+00
0.000000000000000000e+00
7.269315859582770045e-01
9.171599408577925772e+00
0.000000000000000000e+00
1.430620882657868131e-01
5.362705733352352011e-01
0.000000000000000000e+00
5.601446569911385787e-01
2.380191912962136946e+00
2.276514458324971457e+01
3.585232276984613975e+01
0.000000000000000000e+00
7.643648885194368248e+00
0.000000000000000000e+00
5.182613101391002619e-01
8.037119243368291421e-01
2.041906040683219847e-01
8.177838386806673965e-01
1.861219002794419097e+01
4.461199789792431591e-01
1.316018316585340520e+00
1.974718548376028782e-01
6.353706551027933358e-01
0.000000000000000000e+00
0.000000000000000000e+00
0.000000000000000000e+00
8.174356094624262159e-01
0.000000000000000000e+00
4.242000838272884655e-01
0.000000000000000000e+00
1.919370706921787184e-01
0.000000000000000000e+00
8.695719556890438851e-01
0.000000000000000000e+00
0.000000000000000000e+00
1.800163727230300159e+00
1.362857342246458492e-01
2.265524830587204719e-01
7.173788999305178056e-03
4.680307222668707579e-01
0.000000000000000000e+00
6.707816351984310366e-01
1.805823855396921501e-02
4.999509709853036110e-01
0.000000000000000000e+00
8.030337177604683907e-01
1.974943908315439089e-01
1.405797678214920111e-02
2.438243451116584737e+01
0.000000000000000000e+00
0.000000000000000000e+00
1.009942041222410403e+01
0.000000000000000000e+00
4.094402383059522754e-01
1.002171263194286333e+01
0.000000000000000000e+00
0.000000000000000000e+00
1.149328629030284432e+01
0.000000000000000000e+00
4.179592357194557573e-01
0.000000000000000000e+00
2.098884317470409488e+00
3.855127316936013404e-02
3.325285355380254437e-02
2.753657453227436602e-01
4.226064997819283242e+00
3.515714832960535885e-01
0.000000000000000000e+00
3.947171616942599798e-02
2.583643259303589762e-02
6.085136365329929520e-01
0.000000000000000000e+00
4.949391588894564542e+00
3.629674398365526633e-01
6.515807578033300018e+00
1.348487551859134825e+01
0.000000000000000000e+00
1.649445435397429804e+01
0.000000000000000000e+00
2.080937996296269965e+00
0.000000000000000000e+00
1.082693056145911242e-01
3.710487879131472155e-01
7.155882636857331391e-01
1.809564411076682727e-03
0.000000000000000000e+00
4.715425495303744718e-02
0.000000000000000000e+00
5.084453370199321998e-04
0.000000000000000000e+00
0.000000000000000000e+00
5.470980534529940736e-02
2.093319923857078102e+00
0.000000000000000000e+00
0.000000000000000000e+00
5.263354555399102352e-01
1.754338325227841722e+01
4.188343894965928627e+00
3.116007743806917252e-01
2.514061049874976472e+00
7.877246847552672016e+00
0.000000000000000000e+00
0.000000000000000000e+00
3.099721459550159430e+00
0.000000000000000000e+00
0.000000000000000000e+00
1.977293216357907468e+01
0.000000000000000000e+00
0.000000000000000000e+00
0.000000000000000000e+00
0.000000000000000000e+00
1.052587733296273953e+01
0.000000000000000000e+00
0.000000000000000000e+00
6.826575930389625846e+00
0.000000000000000000e+00
0.000000000000000000e+00
0.000000000000000000e+00
0.000000000000000000e+00
3.614912393743640595e-01
5.345006455831248504e-02
0.000000000000000000e+00
2.274768213504399395e+00
0.000000000000000000e+00
8.035639938096901524e-02
0.000000000000000000e+00
0.000000000000000000e+00
0.000000000000000000e+00
1.121130069189748291e+01
5.812894501431269123e-02
0.000000000000000000e+00
1.680593874272614130e+01
1.182921101185658941e+01
1.854818259548983761e+01
1.071907419068145018e+01
9.644557809241671720e-03
3.007269185597349459e+00
4.883234361759200004e-01
2.509948485563346932e-01
0.000000000000000000e+00
0.000000000000000000e+00
1.615822247883056950e-01
4.856468429357505695e-02
1.264855771886084890e+00
8.324932681315765359e-01
9.071327308201965423e+00
4.248495010265012639e-01
0.000000000000000000e+00
3.780396591525640206e-03
4.854142969755075310e-01
0.000000000000000000e+00
2.155412915536735197e-01
1.813294857399409821e-01
0.000000000000000000e+00
0.000000000000000000e+00
0.000000000000000000e+00
0.000000000000000000e+00
1.948529452820449426e-01
5.133718362148032011e-01
0.000000000000000000e+00
0.000000000000000000e+00
0.000000000000000000e+00
1.401607379966819700e+01
0.000000000000000000e+00
6.802867952214397107e+00
0.000000000000000000e+00
0.000000000000000000e+00
2.240734203311262052e-01
0.000000000000000000e+00
8.787319987139682320e-01
9.494471986232696281e+00
2.964190076082824365e+00
0.000000000000000000e+00
0.000000000000000000e+00
0.000000000000000000e+00
1.404380341852599479e+01
8.333310646111760533e+00
8.746498449375083029e-01
0.000000000000000000e+00
0.000000000000000000e+00
6.424150167245308574e-02
9.383574479535271295e-02
2.788338392518952347e+01
2.499592979265851528e-02
3.420574294251574887e-01
0.000000000000000000e+00
1.352773005776520421e+01
0.000000000000000000e+00
0.000000000000000000e+00
0.000000000000000000e+00
0.000000000000000000e+00
6.834036869951977122e-01
0.000000000000000000e+00
0.000000000000000000e+00
0.000000000000000000e+00
0.000000000000000000e+00
0.000000000000000000e+00
4.346240325739814808e-02
3.179791784632208240e-01
0.000000000000000000e+00
7.507858612811391552e+00
0.000000000000000000e+00
0.000000000000000000e+00
2.409717631640657842e+01
0.000000000000000000e+00
0.000000000000000000e+00
0.000000000000000000e+00
0.000000000000000000e+00
0.000000000000000000e+00
0.000000000000000000e+00
0.000000000000000000e+00
0.000000000000000000e+00
8.878782219649027141e+00
0.000000000000000000e+00
8.898887151360902692e+00
1.377877030007778614e-01
0.000000000000000000e+00
1.394237620600097038e+01
0.000000000000000000e+00
2.376834453193001018e+00
8.850650170625502966e+00
0.000000000000000000e+00
0.000000000000000000e+00
0.000000000000000000e+00
0.000000000000000000e+00
5.179207260531466517e-01
4.248204661432224312e-03
1.449139670123863866e+01
0.000000000000000000e+00
4.767161236613135997e-03
1.270551526923643371e-01
2.112775853674118687e-01
5.643653016274936540e-01
0.000000000000000000e+00
0.000000000000000000e+00
0.000000000000000000e+00
0.000000000000000000e+00
0.000000000000000000e+00
0.000000000000000000e+00
1.186965541826717485e-01
0.000000000000000000e+00
8.821770489303414564e+00
6.265379269405627838e+00
0.000000000000000000e+00
7.570956880627557894e-02
4.711724070659535635e-02
9.507592151406067060e+00
0.000000000000000000e+00
1.350206994788116344e+00
0.000000000000000000e+00
0.000000000000000000e+00
7.478347306530688243e+00
2.735973727187517213e+01
1.035747181461898592e+01
0.000000000000000000e+00
3.943825624432762300e+00
3.116132937858758778e-01
0.000000000000000000e+00
0.000000000000000000e+00
3.814022631550980647e-01
0.000000000000000000e+00
8.210765876973269428e+00
0.000000000000000000e+00
4.622557609214356100e-02
1.184375633924742210e+01
0.000000000000000000e+00
2.651265935911600313e-01
7.547594493712871611e+00
1.317671308544821285e+00
1.115772124761626571e+00
1.805280812398150359e-01
0.000000000000000000e+00
2.286096513644742811e-01
0.000000000000000000e+00
4.529504291273394462e-02
1.434083878434578019e-01
1.775842363316609962e+01
3.155674582213070511e+00
2.754848837539568360e-03
2.655869785906013636e+00
0.000000000000000000e+00
0.000000000000000000e+00
0.000000000000000000e+00
0.000000000000000000e+00
0.000000000000000000e+00
0.000000000000000000e+00
2.717875822248914108e-01
3.130284003425926720e+00
1.543489469114384960e+01
1.728668476869513748e-01
0.000000000000000000e+00
0.000000000000000000e+00
0.000000000000000000e+00
2.305863589805634994e+00
1.101080286070896946e-01
5.400961231162089149e+00
0.000000000000000000e+00
2.182180213984230122e+00
0.000000000000000000e+00
0.000000000000000000e+00
0.000000000000000000e+00
0.000000000000000000e+00
0.000000000000000000e+00
3.189339190481411013e+00
0.000000000000000000e+00
1.209001744301918713e+01
0.000000000000000000e+00
0.000000000000000000e+00
0.000000000000000000e+00
0.000000000000000000e+00
0.000000000000000000e+00
0.000000000000000000e+00
0.000000000000000000e+00
0.000000000000000000e+00
1.880519009140177644e+01
0.000000000000000000e+00
0.000000000000000000e+00
1.712814606200538659e-01
0.000000000000000000e+00
0.000000000000000000e+00
0.000000000000000000e+00
4.088181325964315160e-01
0.000000000000000000e+00
0.000000000000000000e+00
0.000000000000000000e+00
0.000000000000000000e+00
0.000000000000000000e+00
0.000000000000000000e+00
4.395099310893388692e-03
0.000000000000000000e+00
0.000000000000000000e+00
0.000000000000000000e+00
0.000000000000000000e+00
2.290481050807515828e+01
0.000000000000000000e+00
0.000000000000000000e+00
0.000000000000000000e+00
1.216321243800079621e+01
1.765302489725343804e+01
1.623658151393292115e-01
0.000000000000000000e+00
0.000000000000000000e+00
0.000000000000000000e+00
0.000000000000000000e+00
0.000000000000000000e+00
5.533899219833597449e+00
0.000000000000000000e+00
1.220332298027336920e-01
1.156608184471470402e-01
0.000000000000000000e+00
0.000000000000000000e+00
0.000000000000000000e+00
0.000000000000000000e+00
6.474129845858421994e+00
5.304760197241367159e+00
1.912316509791329167e-01
0.000000000000000000e+00
4.157208976355858954e-01
3.419781031027751411e-02
0.000000000000000000e+00
7.951391849028347503e-01
0.000000000000000000e+00
2.800548141642084943e+01
0.000000000000000000e+00
1.455926528333094105e-01
8.643352337449140776e+00
4.684798365711801083e+00
6.106019929026337500e+00
0.000000000000000000e+00
4.275656456925723825e-01
7.346110706232737542e+00
0.000000000000000000e+00
1.319530339657819340e+01
0.000000000000000000e+00
0.000000000000000000e+00
0.000000000000000000e+00
2.211034361797474812e+00
7.270775395977103761e-01
0.000000000000000000e+00
0.000000000000000000e+00
2.683508861296561229e-02
0.000000000000000000e+00
2.563633240914159894e-01
0.000000000000000000e+00
1.570478476815883084e+01
0.000000000000000000e+00
3.736971380165578227e-02
5.037888844341573830e-02
1.922177571843668886e+00
1.339572755697926998e-01
2.813038486899750446e-01
1.840608760800050803e+01
0.000000000000000000e+00
0.000000000000000000e+00
1.384910561776593596e+01
0.000000000000000000e+00
5.562663527360841575e-01
2.950815465540361227e-01
0.000000000000000000e+00
0.000000000000000000e+00
2.673529580536172734e+00
3.328722372413109309e-02
0.000000000000000000e+00
0.000000000000000000e+00
0.000000000000000000e+00
0.000000000000000000e+00
0.000000000000000000e+00
0.000000000000000000e+00
0.000000000000000000e+00
0.000000000000000000e+00
0.000000000000000000e+00
0.000000000000000000e+00
9.873381486132535301e+00
5.320577115349126585e-01
0.000000000000000000e+00
1.064402972540552161e+00
5.622122706084458077e-01
7.157722533977280144e-02
2.138317724255914820e-01
7.089679098774694932e-01
0.000000000000000000e+00
0.000000000000000000e+00
0.000000000000000000e+00
0.000000000000000000e+00
0.000000000000000000e+00
0.000000000000000000e+00
5.263290403576887516e-02
2.964545969095360167e-01
0.000000000000000000e+00
0.000000000000000000e+00
4.421520910277485505e-01
0.000000000000000000e+00
9.163483923686396082e+00
0.000000000000000000e+00
0.000000000000000000e+00
0.000000000000000000e+00
2.622484844687400507e-01
0.000000000000000000e+00
3.796599329482370777e-01
0.000000000000000000e+00
6.526510680992552160e-01
0.000000000000000000e+00
0.000000000000000000e+00
0.000000000000000000e+00
0.000000000000000000e+00
0.000000000000000000e+00
4.082204830833138787e-01
0.000000000000000000e+00
0.000000000000000000e+00
2.480807377861157792e-01
5.003909082704084632e+00
0.000000000000000000e+00
1.937307840671808126e-02
0.000000000000000000e+00
0.000000000000000000e+00
3.814951153333827061e-01
0.000000000000000000e+00
8.160450053686769678e+00
3.777036765282186237e-01
0.000000000000000000e+00
9.435390310204130326e-01
5.389991123346012714e+00
9.305690614532897698e-01
6.495071811574578691e-01
1.042481503655696606e+01
6.032577778304279992e-01
4.479464949376272265e-01
0.000000000000000000e+00
0.000000000000000000e+00
1.718432589590548787e+00
0.000000000000000000e+00
1.484578595709974858e+00
3.114759228027164983e+00
1.978803975003714655e+01
1.270202978562929186e+00
5.964684842357128591e-01
2.723628324034573223e-01
3.545731025685897042e-01
0.000000000000000000e+00
1.813246456679061813e-01
3.702094214183666132e+00
4.048182147482297211e+00
1.910093444562768750e-01
0.000000000000000000e+00
1.907275832082308442e+00
0.000000000000000000e+00
0.000000000000000000e+00
1.276904320008608451e+01
6.666947310202339105e-01
4.789747198814791496e+00
8.194086270146869189e-02
8.486914462698855188e-02
0.000000000000000000e+00
1.420299032297286246e+01
1.038355829617206988e-01
0.000000000000000000e+00
0.000000000000000000e+00
0.000000000000000000e+00
0.000000000000000000e+00
0.000000000000000000e+00
3.683828316298262684e-01
5.677007479056936923e+00
0.000000000000000000e+00
0.000000000000000000e+00
2.532513598671631283e-01
0.000000000000000000e+00
0.000000000000000000e+00
0.000000000000000000e+00
0.000000000000000000e+00
0.000000000000000000e+00
0.000000000000000000e+00
0.000000000000000000e+00
1.090433817987869070e+01
3.560960302525830179e-01
0.000000000000000000e+00
3.258800203945881324e-01
1.071034601406555709e+00
0.000000000000000000e+00
4.261777765930626072e-01
0.000000000000000000e+00
5.226550536373452793e+00
0.000000000000000000e+00
4.761767468536487691e+00
0.000000000000000000e+00
6.145884653833711964e-01
0.000000000000000000e+00
0.000000000000000000e+00
0.000000000000000000e+00
2.015755905879151530e-02
0.000000000000000000e+00
9.401431625647363788e+00
0.000000000000000000e+00
0.000000000000000000e+00
0.000000000000000000e+00
1.560804646137050646e-02
0.000000000000000000e+00
4.087461301953613235e-01
0.000000000000000000e+00
0.000000000000000000e+00
0.000000000000000000e+00
2.612748185876717089e-01
5.411831966186276155e+00
1.636353751354358010e+01
1.981679379690386611e+01
0.000000000000000000e+00
3.813702906226549283e-01
0.000000000000000000e+00
2.604986500491898727e-01
5.324467612421787122e-01
0.000000000000000000e+00
0.000000000000000000e+00
0.000000000000000000e+00
0.000000000000000000e+00
0.000000000000000000e+00
1.136457761716549086e+01
0.000000000000000000e+00
1.924583348034518337e+01
0.000000000000000000e+00
8.694328366747510195e-01
8.358041129122760537e+00
0.000000000000000000e+00
2.848455229372006681e-01
0.000000000000000000e+00
0.000000000000000000e+00
0.000000000000000000e+00
0.000000000000000000e+00
0.000000000000000000e+00
3.612714786454623850e-01
3.986178721525740709e+00
2.471436712538871650e+00
0.000000000000000000e+00
1.933180153115802297e-02
0.000000000000000000e+00
9.919899630016617564e+00
1.827875625794386849e+01
3.321871539446037414e+00
0.000000000000000000e+00
0.000000000000000000e+00
0.000000000000000000e+00
5.677517821509538154e-02
9.319234697922425426e+00
5.350189552868012122e+00
0.000000000000000000e+00
0.000000000000000000e+00
0.000000000000000000e+00
0.000000000000000000e+00
0.000000000000000000e+00
0.000000000000000000e+00
4.021175033309393854e+00
0.000000000000000000e+00
4.219466144351848025e-02
0.000000000000000000e+00
8.635288252691477595e-01
0.000000000000000000e+00
1.149629838437790541e+00
7.241493329231002640e+00
5.188276280998333156e+00
0.000000000000000000e+00
0.000000000000000000e+00
8.515343316559216558e-02
0.000000000000000000e+00
0.000000000000000000e+00
0.000000000000000000e+00
0.000000000000000000e+00
1.713137951844812212e+00
0.000000000000000000e+00
0.000000000000000000e+00
0.000000000000000000e+00
0.000000000000000000e+00
0.000000000000000000e+00
1.429901758277981605e+00
0.000000000000000000e+00
3.351503693685209839e+00
6.622974770498708807e-02
0.000000000000000000e+00
0.000000000000000000e+00
1.400941588035370344e+01
2.138433371209484957e+00
0.000000000000000000e+00
0.000000000000000000e+00
0.000000000000000000e+00
5.496359952841054053e+00
3.404752169401477069e+00
2.771858500800979730e+00
3.820867719244367411e-01
0.000000000000000000e+00
0.000000000000000000e+00
0.000000000000000000e+00
6.552064193739759457e-01
2.139087366396091383e+01
0.000000000000000000e+00
1.660020921816872039e-02
0.000000000000000000e+00
0.000000000000000000e+00
2.738050707996185842e-02
0.000000000000000000e+00
0.000000000000000000e+00
0.000000000000000000e+00
0.000000000000000000e+00
0.000000000000000000e+00
1.639386725852697707e-02
0.000000000000000000e+00
0.000000000000000000e+00
0.000000000000000000e+00
2.077233405197437932e+00
0.000000000000000000e+00
1.158270184889534349e+01
7.708107849269616452e-01
2.850504590312162634e+00
0.000000000000000000e+00
0.000000000000000000e+00
0.000000000000000000e+00
0.000000000000000000e+00
3.276123781472982111e-01
0.000000000000000000e+00
0.000000000000000000e+00
0.000000000000000000e+00
0.000000000000000000e+00
5.025805799417160991e+00
0.000000000000000000e+00
0.000000000000000000e+00
0.000000000000000000e+00
4.741299443067660824e-01
3.526112480238978008e-03
4.346986131710758094e+00
9.968158170449578082e-01
0.000000000000000000e+00
0.000000000000000000e+00
0.000000000000000000e+00
0.000000000000000000e+00
0.000000000000000000e+00
0.000000000000000000e+00
3.957004607784062045e-01
5.463398003491512500e-02
3.955354556430765722e-01
0.000000000000000000e+00
0.000000000000000000e+00
7.571149406194826348e+00
0.000000000000000000e+00
0.000000000000000000e+00
8.252730965139827290e+00
0.000000000000000000e+00
0.000000000000000000e+00
7.825475586531475958e-02
0.000000000000000000e+00
0.000000000000000000e+00
1.856897974187628364e+00
0.000000000000000000e+00
0.000000000000000000e+00
0.000000000000000000e+00
3.618538835933485243e-01
1.690586687607201100e+01
0.000000000000000000e+00
0.000000000000000000e+00
3.675864778720255299e-01
7.252625639914295874e+00
0.000000000000000000e+00
1.252967972657282048e-01
1.079197686066787831e+01
0.000000000000000000e+00
0.000000000000000000e+00
8.719833725720309986e-03
0.000000000000000000e+00
1.369660145058273493e+00
8.546402842240086173e+00
1.348855150367285383e+01
6.338970883131085365e+00
0.000000000000000000e+00
0.000000000000000000e+00
4.215638458590427184e-01
1.441245915995019899e+01
0.000000000000000000e+00
0.000000000000000000e+00
1.129959880010071949e+01
0.000000000000000000e+00
0.000000000000000000e+00
0.000000000000000000e+00
5.621317479585954402e+00
0.000000000000000000e+00
1.424264505640552159e+01
4.207408164515049065e-01
4.666358967751537357e+00
2.442079578984080179e-01
2.196194233370012849e+00
0.000000000000000000e+00
2.677879548848696167e+00
4.531423953542042860e+00
0.000000000000000000e+00
5.086636115217144649e-01
3.823648170553601400e+00
3.292267797996406564e-01
0.000000000000000000e+00
2.910358335244274119e-01
5.507468477979825597e-03
0.000000000000000000e+00
1.204666437502270246e-02
2.445074569110274876e-01
5.495762772996440337e-02
2.758894581058158324e-01
0.000000000000000000e+00
0.000000000000000000e+00
1.784577110416389334e-01
1.659796674205686218e+00
0.000000000000000000e+00
0.000000000000000000e+00
0.000000000000000000e+00
5.410511517480022015e+00
0.000000000000000000e+00
0.000000000000000000e+00
2.779073414897446526e+00
0.000000000000000000e+00
0.000000000000000000e+00
7.866062435120595858e-03
3.660551494965526009e-01
4.267749906091288459e+00
1.020620399869490491e+01
2.685191686633372488e-01
0.000000000000000000e+00
0.000000000000000000e+00
2.466610863610715215e-03
0.000000000000000000e+00
0.000000000000000000e+00
0.000000000000000000e+00
0.000000000000000000e+00
0.000000000000000000e+00
0.000000000000000000e+00
0.000000000000000000e+00
6.372563486364460350e-02
2.247754798907833917e-01
0.000000000000000000e+00
0.000000000000000000e+00
1.895414673290620189e-01
0.000000000000000000e+00
0.000000000000000000e+00
0.000000000000000000e+00
0.000000000000000000e+00
0.000000000000000000e+00
1.164914402706773444e+01
2.146824726913958159e+01
0.000000000000000000e+00
0.000000000000000000e+00
0.000000000000000000e+00
3.352894091070019456e-01
0.000000000000000000e+00
1.173230444807626149e+01
0.000000000000000000e+00
0.000000000000000000e+00
0.000000000000000000e+00
0.000000000000000000e+00
0.000000000000000000e+00
3.129836887762224018e-01
8.997635604819917532e+00
0.000000000000000000e+00
0.000000000000000000e+00
1.116988669418086921e+01
0.000000000000000000e+00
0.000000000000000000e+00
0.000000000000000000e+00
0.000000000000000000e+00
0.000000000000000000e+00
0.000000000000000000e+00
0.000000000000000000e+00
0.000000000000000000e+00
0.000000000000000000e+00
0.000000000000000000e+00
5.273353015275779931e+00
0.000000000000000000e+00
0.000000000000000000e+00
1.553715222859009426e+00
8.079095376860758293e+00
8.784000933033808689e-02
0.000000000000000000e+00
2.972803168365696891e+01
5.838775093278877198e-02
6.046225012895314332e-01
0.000000000000000000e+00
0.000000000000000000e+00
0.000000000000000000e+00
1.788156559899084996e+01
0.000000000000000000e+00
1.793322886662340920e+01
0.000000000000000000e+00
9.619264692275029560e+00
0.000000000000000000e+00
0.000000000000000000e+00
0.000000000000000000e+00
0.000000000000000000e+00
1.875851544750590516e-01
0.000000000000000000e+00
0.000000000000000000e+00
0.000000000000000000e+00
0.000000000000000000e+00
6.608544652630412131e+00
1.612827877700182988e+00
0.000000000000000000e+00
5.694960773619357930e+00
7.175680611030473166e+00
0.000000000000000000e+00
1.970965155898848309e+01
1.111090696693404567e+01
0.000000000000000000e+00
1.770583809132753039e+00
0.000000000000000000e+00
7.214277354630588279e-02
0.000000000000000000e+00
9.090396282079826307e+00
0.000000000000000000e+00
0.000000000000000000e+00
0.000000000000000000e+00
0.000000000000000000e+00
0.000000000000000000e+00
0.000000000000000000e+00
1.414712941554819814e+01
0.000000000000000000e+00
0.000000000000000000e+00
4.292274181275900213e-01
1.418525937465932030e-01
1.845104979139993162e+01
0.000000000000000000e+00
0.000000000000000000e+00
2.641776453494504295e-01
3.920598006067802288e+00
0.000000000000000000e+00
5.581676557750196027e-02
0.000000000000000000e+00
5.877530978662724337e+00
0.000000000000000000e+00
2.658187308921313163e-01
3.337899301212296166e+00
2.903801456764512068e+00
0.000000000000000000e+00
2.171868014427299487e-01
9.403019548142259598e-01
7.443005351187575336e+00
8.484213353058210616e-02
0.000000000000000000e+00
0.000000000000000000e+00
1.799888901016009207e-02
6.583752595404903651e-01
4.683927780484984371e-01
6.507422928133824058e+00
0.000000000000000000e+00
1.742725138335469603e+00
3.852052646256040047e-01
0.000000000000000000e+00
0.000000000000000000e+00
0.000000000000000000e+00
7.898265647108720922e-02
0.000000000000000000e+00
0.000000000000000000e+00
9.138501600344376641e+00
0.000000000000000000e+00
5.983085568423577527e+00
0.000000000000000000e+00
0.000000000000000000e+00
0.000000000000000000e+00
4.686501033732756838e+00
0.000000000000000000e+00
6.476655652351750447e+00
0.000000000000000000e+00
0.000000000000000000e+00
2.718260134106717518e-01
0.000000000000000000e+00
1.373883029706791936e-01
0.000000000000000000e+00
0.000000000000000000e+00
5.396848314181230677e-01
2.025873205961385426e-01
0.000000000000000000e+00
9.390434514939576260e-01
5.750280309859192446e-02
0.000000000000000000e+00
5.124462298852998643e+00
0.000000000000000000e+00
0.000000000000000000e+00
0.000000000000000000e+00
5.659652433039844333e+00
0.000000000000000000e+00
9.587838832298642977e-01
7.151092933514434868e+00
1.611113733180924878e+00
0.000000000000000000e+00
0.000000000000000000e+00
0.000000000000000000e+00
1.526926576281146986e+01
0.000000000000000000e+00
1.250158627505247821e+01
0.000000000000000000e+00
0.000000000000000000e+00
0.000000000000000000e+00
1.517185201310890008e+01
0.000000000000000000e+00
0.000000000000000000e+00
0.000000000000000000e+00
7.975236780423334615e+00
0.000000000000000000e+00
1.693151703024418642e-01
3.807084704663234870e-02
0.000000000000000000e+00
0.000000000000000000e+00
0.000000000000000000e+00
1.053294725612048843e+01
0.000000000000000000e+00
4.408844702557574574e-02
9.096911091898240542e+00
0.000000000000000000e+00
0.000000000000000000e+00
2.938485583728671457e+01
0.000000000000000000e+00
2.923287758082153409e-02
0.000000000000000000e+00
0.000000000000000000e+00
0.000000000000000000e+00
0.000000000000000000e+00
0.000000000000000000e+00
0.000000000000000000e+00
0.000000000000000000e+00
0.000000000000000000e+00
1.383562306846419093e-02
0.000000000000000000e+00
0.000000000000000000e+00
4.372709174155626322e+00
3.623826643865326158e+00
0.000000000000000000e+00
0.000000000000000000e+00
0.000000000000000000e+00
1.277619296300947505e-01
0.000000000000000000e+00
0.000000000000000000e+00
8.594283216458734387e+00
0.000000000000000000e+00
8.724384486027213725e+00
0.000000000000000000e+00
0.000000000000000000e+00
0.000000000000000000e+00
0.000000000000000000e+00
1.820180295533568682e+01
0.000000000000000000e+00
0.000000000000000000e+00
0.000000000000000000e+00
1.131722626247051089e+01
5.056010476161826972e+00
0.000000000000000000e+00
3.808023991378908235e+00
0.000000000000000000e+00
1.001328759351471120e+01
2.053038612378902172e+00
0.000000000000000000e+00
6.583331719302307761e+00
0.000000000000000000e+00
2.881799293843044563e+00
5.426250029880934633e+00
0.000000000000000000e+00
0.000000000000000000e+00
0.000000000000000000e+00
0.000000000000000000e+00
0.000000000000000000e+00
5.778973097356157052e-01
0.000000000000000000e+00
0.000000000000000000e+00
0.000000000000000000e+00
0.000000000000000000e+00
0.000000000000000000e+00
0.000000000000000000e+00
0.000000000000000000e+00
0.000000000000000000e+00
0.000000000000000000e+00
0.000000000000000000e+00
0.000000000000000000e+00
7.336077660659473532e-02
3.248313622831223935e+00
3.825689301130541509e-02
0.000000000000000000e+00
0.000000000000000000e+00
0.000000000000000000e+00
1.067439833132226035e+01
0.000000000000000000e+00
0.000000000000000000e+00
0.000000000000000000e+00
2.878414370997523300e-02
3.682617078930484900e-02
0.000000000000000000e+00
0.000000000000000000e+00
0.000000000000000000e+00
8.628295390710587043e+00
6.104986334551606220e+00
0.000000000000000000e+00
6.983301032420057008e-02
8.213801199433653721e+00
1.449246270799528169e+00
0.000000000000000000e+00
4.925554662117848537e+00
0.000000000000000000e+00
0.000000000000000000e+00
7.976273823535048102e+00
0.000000000000000000e+00
0.000000000000000000e+00
0.000000000000000000e+00
0.000000000000000000e+00
2.378093675143977404e+00
9.613469208627671569e-02
0.000000000000000000e+00
0.000000000000000000e+00
0.000000000000000000e+00
0.000000000000000000e+00
0.000000000000000000e+00
1.620485605511335470e+00
4.844931324703187769e+00
0.000000000000000000e+00
0.000000000000000000e+00
4.531596540608493484e+00
3.736480849387817660e-01
0.000000000000000000e+00
9.791693648763175051e-02
0.000000000000000000e+00
1.231270003648574418e+00
1.125949469275969861e+01
0.000000000000000000e+00
2.332296720209249496e+00
3.480563769859156498e+00
0.000000000000000000e+00
0.000000000000000000e+00
3.946769349733872216e-03
0.000000000000000000e+00
0.000000000000000000e+00
2.086506915714224017e-02
0.000000000000000000e+00
2.319472891125846203e+00
0.000000000000000000e+00
3.338480636259255174e+00
0.000000000000000000e+00
1.163971045138683991e+01
6.047638245139629554e+00
0.000000000000000000e+00
2.359486242199612949e-01
2.340807137771395485e+00
0.000000000000000000e+00
7.601484432593787199e-02
0.000000000000000000e+00
0.000000000000000000e+00
1.633724155843669368e-01
0.000000000000000000e+00
0.000000000000000000e+00
0.000000000000000000e+00
0.000000000000000000e+00
0.000000000000000000e+00
0.000000000000000000e+00
0.000000000000000000e+00
0.000000000000000000e+00
0.000000000000000000e+00
0.000000000000000000e+00
2.769268649732904986e-01
1.734808049463270815e-02
0.000000000000000000e+00
3.516789737651120795e+00
0.000000000000000000e+00
4.635309643430163828e-01
3.040690882809697904e-01
0.000000000000000000e+00
1.003400261763206025e+01
0.000000000000000000e+00
0.000000000000000000e+00
0.000000000000000000e+00
0.000000000000000000e+00
1.088678927635368943e-01
1.021527544331310849e-01
0.000000000000000000e+00
0.000000000000000000e+00
0.000000000000000000e+00
0.000000000000000000e+00
1.828041861771428245e+01
0.000000000000000000e+00
0.000000000000000000e+00
0.000000000000000000e+00
1.002326527136788492e+00
0.000000000000000000e+00
0.000000000000000000e+00
1.337319126734741737e+01
0.000000000000000000e+00
7.408258683340709916e-02
1.707788744092030575e-01
0.000000000000000000e+00
6.997013251389372357e+00
2.567862255084532030e+00
5.066476591824000675e-01
0.000000000000000000e+00
4.645658946249980659e+00
7.210666221515431296e-02
0.000000000000000000e+00
5.025111090900143296e+00
0.000000000000000000e+00
0.000000000000000000e+00
1.980611518685380901e+01
0.000000000000000000e+00
8.343488504284920712e-03
0.000000000000000000e+00
0.000000000000000000e+00
0.000000000000000000e+00
6.905639799163997283e-01
9.145131576745083590e-01
9.814516952141785211e+00
5.117768935214105364e-01
6.847576940587376093e+00
0.000000000000000000e+00
3.602846769749208367e+00
9.012470733260576072e-02
2.515048528827632968e+00
0.000000000000000000e+00
1.120115975790313967e-01
0.000000000000000000e+00
0.000000000000000000e+00
0.000000000000000000e+00
0.000000000000000000e+00
0.000000000000000000e+00
0.000000000000000000e+00
0.000000000000000000e+00
0.000000000000000000e+00
0.000000000000000000e+00
0.000000000000000000e+00
1.794068992824401221e+01
0.000000000000000000e+00
2.966223949983616048e+00
0.000000000000000000e+00
0.000000000000000000e+00
0.000000000000000000e+00
1.497226944117078062e+01
0.000000000000000000e+00
4.145092842465920580e-01
0.000000000000000000e+00
0.000000000000000000e+00
0.000000000000000000e+00
6.219506070708184176e+00
3.956889632727832229e+00
0.000000000000000000e+00
0.000000000000000000e+00
0.000000000000000000e+00
0.000000000000000000e+00
2.664776310598526710e+00
3.692400392995871972e+00
8.606128775644062756e+00
0.000000000000000000e+00
9.099705390043512365e-02
5.016409338203012824e-01
0.000000000000000000e+00
0.000000000000000000e+00
0.000000000000000000e+00
0.000000000000000000e+00
7.224037640680088801e-01
0.000000000000000000e+00
8.390395682404552247e+00
4.384749967216514221e+00
0.000000000000000000e+00
0.000000000000000000e+00
0.000000000000000000e+00
0.000000000000000000e+00
7.830806052403023465e-02
2.111211303512065651e+00
6.176225719609655052e+00
0.000000000000000000e+00
6.047414065720487647e-02
0.000000000000000000e+00
0.000000000000000000e+00
0.000000000000000000e+00
0.000000000000000000e+00
2.146066545603925457e-01
4.103265188325680768e+00
0.000000000000000000e+00
0.000000000000000000e+00
1.192814864857663970e+01
6.686644843781852643e+00
2.942708486946090662e+00
0.000000000000000000e+00
0.000000000000000000e+00
0.000000000000000000e+00
0.000000000000000000e+00
0.000000000000000000e+00
0.000000000000000000e+00
0.000000000000000000e+00
1.592503275085389980e+01
0.000000000000000000e+00
5.806455458107910417e+00
0.000000000000000000e+00
0.000000000000000000e+00
0.000000000000000000e+00
0.000000000000000000e+00
0.000000000000000000e+00
6.277377202954911972e+00
9.401013288653780720e+00
0.000000000000000000e+00
6.533661456627322395e-02
3.334414116580940446e-01
0.000000000000000000e+00
0.000000000000000000e+00
0.000000000000000000e+00
0.000000000000000000e+00
0.000000000000000000e+00
2.186213004664339987e+00
4.520081322652501066e-01
4.874926933753315761e-01
1.183655900163855001e+01
4.502544582413827712e+00
0.000000000000000000e+00
0.000000000000000000e+00
1.822906799487695739e-01
1.399271405827735748e+01
0.000000000000000000e+00
9.978474880323254581e+00
3.416133498057262741e-01
2.271626110506562046e+00
0.000000000000000000e+00
2.999235133636022343e-01
0.000000000000000000e+00
0.000000000000000000e+00
0.000000000000000000e+00
8.968820299633435689e-02
0.000000000000000000e+00
0.000000000000000000e+00
3.899416242712817393e+00
1.094494899457240482e-02
1.204927139635664624e+01
0.000000000000000000e+00
0.000000000000000000e+00
7.934273111774484910e+00
6.764374513015322665e-02
1.062450243067188105e-01
8.739236524996540911e-02
0.000000000000000000e+00
0.000000000000000000e+00
1.680836701189575422e+01
0.000000000000000000e+00
7.060701238584832673e+00
0.000000000000000000e+00
0.000000000000000000e+00
7.853678373854642736e+00
0.000000000000000000e+00
0.000000000000000000e+00
0.000000000000000000e+00
1.163670095067970145e-01
6.366883758665361270e+00
0.000000000000000000e+00
1.142904887231507294e-01
2.148731721320795707e-01
0.000000000000000000e+00
0.000000000000000000e+00
0.000000000000000000e+00
0.000000000000000000e+00
0.000000000000000000e+00
0.000000000000000000e+00
0.000000000000000000e+00
3.578920395507640517e+00
1.444693747422361174e-01
0.000000000000000000e+00
0.000000000000000000e+00
5.315493668740316202e-02
0.000000000000000000e+00
0.000000000000000000e+00
0.000000000000000000e+00
3.895422175807776166e-01
5.219750812994827349e+00
0.000000000000000000e+00
0.000000000000000000e+00
1.691556850828493097e+01
0.000000000000000000e+00
0.000000000000000000e+00
0.000000000000000000e+00
1.117257343276232412e-01
0.000000000000000000e+00
2.727318812440609423e-03
7.963453452332187155e+00
8.565912109324309853e-02
0.000000000000000000e+00
0.000000000000000000e+00
4.479764411101069044e+00
0.000000000000000000e+00
8.085305576330119315e-02
0.000000000000000000e+00
0.000000000000000000e+00
1.127404717502847598e-01
3.511058115697335502e+00
1.014966112425214462e+01
0.000000000000000000e+00
0.000000000000000000e+00
3.428064416139291470e-01
0.000000000000000000e+00
2.326309143046014771e-01
0.000000000000000000e+00
2.193188541672583813e+00
1.554887231177899398e-01
6.437448778903147595e-01
0.000000000000000000e+00
0.000000000000000000e+00
0.000000000000000000e+00
0.000000000000000000e+00
1.251788668760080547e+01
2.338147596616534374e-01
1.975950690860803549e+00
2.044549758372763149e-01
0.000000000000000000e+00
0.000000000000000000e+00
6.652003266555626126e+00
0.000000000000000000e+00
4.235048486301143389e-01
6.767465310846804138e-02
1.101031789326022275e-01
6.022039387063709448e+00
0.000000000000000000e+00
7.687569608415738553e-01
7.665739242891929983e+00
1.301571871696675098e+00
0.000000000000000000e+00
1.178702209239017229e+01
0.000000000000000000e+00
3.228273692784284332e+00
0.000000000000000000e+00
0.000000000000000000e+00
0.000000000000000000e+00
0.000000000000000000e+00
1.732540924336813504e+01
0.000000000000000000e+00
0.000000000000000000e+00
0.000000000000000000e+00
0.000000000000000000e+00
0.000000000000000000e+00
0.000000000000000000e+00
2.547048590288866210e-01
0.000000000000000000e+00
0.000000000000000000e+00
6.069411451840141858e+00
4.484644341378618115e+00
3.789292837659710006e-02
0.000000000000000000e+00
0.000000000000000000e+00
2.040183328794582529e+00
0.000000000000000000e+00
3.453375956140373182e-01
2.096543951689334495e+00
0.000000000000000000e+00
1.336681762888099634e+01
1.132726541642906604e+01
3.047027345347559923e-01
0.000000000000000000e+00
0.000000000000000000e+00
8.909141418441915761e+00
0.000000000000000000e+00
0.000000000000000000e+00
6.098230724964383981e-02
4.215111284547468085e-01
0.000000000000000000e+00
7.863858025079195180e+00
5.134979346506559628e-01
1.064533487073417439e-01
5.305898005494441572e-02
0.000000000000000000e+00
0.000000000000000000e+00
0.000000000000000000e+00
2.030800576408745006e-01
0.000000000000000000e+00
0.000000000000000000e+00
0.000000000000000000e+00
0.000000000000000000e+00
0.000000000000000000e+00
2.611993123834801978e+00
0.000000000000000000e+00
0.000000000000000000e+00
1.206491710692514907e+01
8.018163037952389161e+00
0.000000000000000000e+00
1.099040760930695271e+01
1.788595473979862049e+01
2.319485950150705078e-01
0.000000000000000000e+00
0.000000000000000000e+00
1.547531829643468804e+01
0.000000000000000000e+00
2.124533590760036561e-01
0.000000000000000000e+00
3.643802259583757697e-01
7.388246750235564875e+00
2.078152010822996587e+01
1.985000622558061867e+00
0.000000000000000000e+00
0.000000000000000000e+00
0.000000000000000000e+00
1.131854559346116423e-01
0.000000000000000000e+00
0.000000000000000000e+00
0.000000000000000000e+00
3.115045541687098130e-01
8.630002273018069658e+00
0.000000000000000000e+00
2.878854267065570904e-01
0.000000000000000000e+00
0.000000000000000000e+00
1.275925093288867718e-01
0.000000000000000000e+00
1.048291769366351267e-01
0.000000000000000000e+00
8.140904197703371370e-01
0.000000000000000000e+00
4.791447355432772448e-01
1.685653925203474790e+00
1.635814395733130701e-03
1.234474317357785178e-01
4.251627581874864448e-01
0.000000000000000000e+00
1.634616686672934094e+01
4.383779686910100476e-02
3.849965222420996813e-01
2.754817687124041514e-01
1.139154388658666406e+01
0.000000000000000000e+00
0.000000000000000000e+00
2.089322854295296406e+00
2.035289183267339208e-01
0.000000000000000000e+00
5.113314905532176269e+00
0.000000000000000000e+00
0.000000000000000000e+00
0.000000000000000000e+00
0.000000000000000000e+00
0.000000000000000000e+00
0.000000000000000000e+00
0.000000000000000000e+00
0.000000000000000000e+00
5.376017281599142494e-01
0.000000000000000000e+00
1.445619329065209700e-02
6.080497310790654586e-01
1.056979034604926676e-01
1.353565822103112437e-01
0.000000000000000000e+00
2.573076979016302151e-03
0.000000000000000000e+00
1.836227149059695696e-01
0.000000000000000000e+00
0.000000000000000000e+00
2.394900474725160655e-01
6.050605789886803754e-01
0.000000000000000000e+00
1.125730179655770336e+01
0.000000000000000000e+00
0.000000000000000000e+00
0.000000000000000000e+00
6.994050404365050044e-02
0.000000000000000000e+00
0.000000000000000000e+00
1.277791241243761000e+01
6.960546953450322816e-01
6.123230129710506731e+00
3.711195667854971791e-02
2.432501935463740494e+00
0.000000000000000000e+00
0.000000000000000000e+00
3.363186636092788895e+00
2.039623399922999292e-01
1.654389493029166402e+01
2.296895258691824052e-02
2.250787672663348282e-01
5.470707841890319612e-02
0.000000000000000000e+00
0.000000000000000000e+00
1.551816432484376673e-01
0.000000000000000000e+00
1.312566416395635205e-01
1.293085969368539878e+01
5.934016196231794993e-03
0.000000000000000000e+00
1.238074764472624345e+01
1.375222539287390133e-01
0.000000000000000000e+00
0.000000000000000000e+00
2.003969232799243105e+00
0.000000000000000000e+00
0.000000000000000000e+00
1.140499251525801117e-01
1.091308961380141440e+01
1.357220962157118649e+01
0.000000000000000000e+00
4.600825598412690454e+00
8.223793680803025141e-02
1.147925877750935619e+01
0.000000000000000000e+00
4.390966612139404757e-01
0.000000000000000000e+00
0.000000000000000000e+00
0.000000000000000000e+00
0.000000000000000000e+00
8.183868693111056913e+00
0.000000000000000000e+00
0.000000000000000000e+00
0.000000000000000000e+00
1.087926557278223960e+01
1.392110596409388001e-01
1.515117298836729187e+00
1.382028961577786763e+00
0.000000000000000000e+00
0.000000000000000000e+00
0.000000000000000000e+00
9.718719515979205859e-02
3.095894564303393715e+00
1.039045480465289550e+01
4.324854525693622165e+00
0.000000000000000000e+00
7.824207913094069156e+00
0.000000000000000000e+00
0.000000000000000000e+00
1.276605900888231915e+01
0.000000000000000000e+00
2.817506737404356087e+00
1.014874964544174307e-01
3.432848472505090620e-01
1.762141977198640852e+00
0.000000000000000000e+00
0.000000000000000000e+00
3.919779526192604391e-01
0.000000000000000000e+00
0.000000000000000000e+00
0.000000000000000000e+00
1.118113255147994423e+01
4.157755845499425007e+00
9.367485076758530482e+00
0.000000000000000000e+00
0.000000000000000000e+00
2.025925353903679671e+00
0.000000000000000000e+00
0.000000000000000000e+00
0.000000000000000000e+00
4.405619121756539691e+00
0.000000000000000000e+00
0.000000000000000000e+00
0.000000000000000000e+00
0.000000000000000000e+00
7.661754067397998469e+00
8.306957719103985838e+00
0.000000000000000000e+00
0.000000000000000000e+00
0.000000000000000000e+00
0.000000000000000000e+00
0.000000000000000000e+00
1.266523968790248134e+01
0.000000000000000000e+00
2.076049436157692085e+01
1.096789385710297182e+01
0.000000000000000000e+00
1.432154272299732967e-01
0.000000000000000000e+00
0.000000000000000000e+00
0.000000000000000000e+00
0.000000000000000000e+00
0.000000000000000000e+00
0.000000000000000000e+00
0.000000000000000000e+00
0.000000000000000000e+00
1.660641601681335233e+00
2.803984849079754316e+00
0.000000000000000000e+00
6.154338725256628173e+00
5.310991809328703184e+00
3.174190231190755895e+01
0.000000000000000000e+00
0.000000000000000000e+00
0.000000000000000000e+00
0.000000000000000000e+00
0.000000000000000000e+00
0.000000000000000000e+00
0.000000000000000000e+00
0.000000000000000000e+00
0.000000000000000000e+00
0.000000000000000000e+00
0.000000000000000000e+00
2.351605848771239593e+01
5.116137919039558390e+00
0.000000000000000000e+00
0.000000000000000000e+00
1.456704248929107659e-01
1.481320194981696980e+00
0.000000000000000000e+00
0.000000000000000000e+00
9.394541780740103265e-01
2.515849302449181035e+00
5.146432107352017837e+00
0.000000000000000000e+00
0.000000000000000000e+00
2.745427796887530136e-01
1.073800597579501037e+01
0.000000000000000000e+00
3.420811887510089022e-01
8.771626126182974659e+00
1.001826737094329367e+01
8.449013908980424148e+00
8.694897067787454858e-01
0.000000000000000000e+00
4.353731084064036416e+00
0.000000000000000000e+00
0.000000000000000000e+00
0.000000000000000000e+00
0.000000000000000000e+00
7.613529813880898445e+00
0.000000000000000000e+00
0.000000000000000000e+00
0.000000000000000000e+00
0.000000000000000000e+00
0.000000000000000000e+00
2.392825210419091131e-01
0.000000000000000000e+00
3.017754656200163144e+00
3.748879493113632666e-01
0.000000000000000000e+00
1.551091984622666488e-02
0.000000000000000000e+00
0.000000000000000000e+00
2.797711667160729943e-01
0.000000000000000000e+00
2.275262666175690640e+01
0.000000000000000000e+00
0.000000000000000000e+00
0.000000000000000000e+00
0.000000000000000000e+00
3.433539009291244892e-01
0.000000000000000000e+00
0.000000000000000000e+00
4.144975469093521020e-02
0.000000000000000000e+00
7.977177240309138440e-02
7.499100312132964241e+00
5.313596207300512742e-01
2.004927000722472319e-01
5.101741087385160967e+00
1.482769515898030077e+00
0.000000000000000000e+00
1.099394309475422915e+01
1.681358802243898154e+01
0.000000000000000000e+00
8.212383868871151904e+00
2.998306732867659363e-01
0.000000000000000000e+00
1.771198392936597754e+00
3.958457125166134905e-01
7.125210841289417729e-01
0.000000000000000000e+00
5.050825378202763449e-01
0.000000000000000000e+00
0.000000000000000000e+00
3.950769670044316229e-01
0.000000000000000000e+00
0.000000000000000000e+00
2.938864694293803481e-01
3.460195736125596527e-02
4.982029316370061522e+00
0.000000000000000000e+00
2.235669783771105923e-01
1.747537975627160289e+00
4.552551039261510391e-01
3.716378477049804840e-01
0.000000000000000000e+00
7.076995104883830656e+00
7.827062298561750175e+00
8.470627367276238218e+00
0.000000000000000000e+00
0.000000000000000000e+00
0.000000000000000000e+00
0.000000000000000000e+00
0.000000000000000000e+00
0.000000000000000000e+00
0.000000000000000000e+00
0.000000000000000000e+00
1.477018819216502266e+01
0.000000000000000000e+00
0.000000000000000000e+00
0.000000000000000000e+00
2.132564318016729743e-01
1.644503473128464677e+01
3.034250692632456947e-01
0.000000000000000000e+00
0.000000000000000000e+00
0.000000000000000000e+00
4.554965532697733410e-01
0.000000000000000000e+00
3.424658184113336112e-01
1.795518960268974240e+01
0.000000000000000000e+00
8.561150344788674704e-02
0.000000000000000000e+00
1.552774377666951544e+01
0.000000000000000000e+00
5.236298476534846369e-01
9.262558415753741059e+00
0.000000000000000000e+00
0.000000000000000000e+00
8.690847217199005215e+00
6.993856355321738105e-01
4.309178698797982321e+00
0.000000000000000000e+00
2.491942124911306344e-01
5.659909036512631442e-01
1.791507220019383340e+00
2.367732258302736315e-01
5.808929920059359375e+00
1.104342104192632235e+01
4.217718645386853149e-01
5.295364185810907287e+00
4.803762612488395867e+00
0.000000000000000000e+00
3.671001087367288251e-01
1.180572715664315098e+00
9.756919924711368708e+00
0.000000000000000000e+00
7.614269182300461083e-03
2.236594320758047982e-01
1.888058591941870201e+00
1.423604857712949645e+01
1.300312714526045355e+00
9.096028347461951213e+00
0.000000000000000000e+00
0.000000000000000000e+00
0.000000000000000000e+00
0.000000000000000000e+00
1.188261847156407214e+01
0.000000000000000000e+00
0.000000000000000000e+00
0.000000000000000000e+00
3.280717469128772379e+00
1.769812114511047640e-01
0.000000000000000000e+00
1.536675648769324454e+01
5.359247812237909692e+00
0.000000000000000000e+00
6.888730362732300438e-01
2.424129048161258095e-03
0.000000000000000000e+00
6.600244588982139282e-01
0.000000000000000000e+00
1.993377703018649194e-02
0.000000000000000000e+00
1.032016295275042239e+01
1.798615505660941860e+00
1.982700798590322577e+01
0.000000000000000000e+00
0.000000000000000000e+00
0.000000000000000000e+00
3.206420083850484715e-01
0.000000000000000000e+00
0.000000000000000000e+00
0.000000000000000000e+00
1.933151604411250890e+00
0.000000000000000000e+00
0.000000000000000000e+00
0.000000000000000000e+00
1.450889315846211680e+01
0.000000000000000000e+00
0.000000000000000000e+00
0.000000000000000000e+00
0.000000000000000000e+00
0.000000000000000000e+00
0.000000000000000000e+00
0.000000000000000000e+00
0.000000000000000000e+00
0.000000000000000000e+00
0.000000000000000000e+00
0.000000000000000000e+00
0.000000000000000000e+00
5.355396699575817543e+00
0.000000000000000000e+00
4.617463361826690815e-01
0.000000000000000000e+00
0.000000000000000000e+00
0.000000000000000000e+00
1.664399056957445566e+01
0.000000000000000000e+00
3.616921275266594904e+00
0.000000000000000000e+00
6.001018281148188249e-01
8.456300913853368684e+00
0.000000000000000000e+00
0.000000000000000000e+00
0.000000000000000000e+00
4.742381160948990981e+00
0.000000000000000000e+00
0.000000000000000000e+00
0.000000000000000000e+00
0.000000000000000000e+00
0.000000000000000000e+00
0.000000000000000000e+00
4.257475357309155051e+00
0.000000000000000000e+00
0.000000000000000000e+00
2.190246102993048949e-01
0.000000000000000000e+00
0.000000000000000000e+00
0.000000000000000000e+00
0.000000000000000000e+00
0.000000000000000000e+00
1.408753658893577398e+00
5.829718420584570460e+00
0.000000000000000000e+00
0.000000000000000000e+00
0.000000000000000000e+00
0.000000000000000000e+00
8.870475234755895499e+00
0.000000000000000000e+00
0.000000000000000000e+00
5.423695293497379777e-02
0.000000000000000000e+00
0.000000000000000000e+00
3.871142581694983598e+00
0.000000000000000000e+00
0.000000000000000000e+00
0.000000000000000000e+00
0.000000000000000000e+00
7.876707439743498018e-02
0.000000000000000000e+00
0.000000000000000000e+00
1.166725530100371222e-01
0.000000000000000000e+00
2.388590811009486448e+00
0.000000000000000000e+00
0.000000000000000000e+00
8.377903560449778908e+00
0.000000000000000000e+00
0.000000000000000000e+00
0.000000000000000000e+00
3.278580844387634086e-01
0.000000000000000000e+00
0.000000000000000000e+00
0.000000000000000000e+00
1.493723744591065561e+01
0.000000000000000000e+00
0.000000000000000000e+00
0.000000000000000000e+00
0.000000000000000000e+00
0.000000000000000000e+00
0.000000000000000000e+00
0.000000000000000000e+00
0.000000000000000000e+00
4.829060415393762046e-02
0.000000000000000000e+00
8.432352876353437665e+00
0.000000000000000000e+00
0.000000000000000000e+00
0.000000000000000000e+00
0.000000000000000000e+00
0.000000000000000000e+00
5.087662154532035519e-02
0.000000000000000000e+00
0.000000000000000000e+00
0.000000000000000000e+00
0.000000000000000000e+00
0.000000000000000000e+00
0.000000000000000000e+00
0.000000000000000000e+00
0.000000000000000000e+00
2.331896398061991671e-02
0.000000000000000000e+00
0.000000000000000000e+00
0.000000000000000000e+00
3.596712508521706098e-01
0.000000000000000000e+00
0.000000000000000000e+00
0.000000000000000000e+00
3.824418212303978826e-01
0.000000000000000000e+00
3.449502677299550069e+00
1.927648589050332006e+01
3.967127310166858045e-01
0.000000000000000000e+00
7.736882271996358362e+00
0.000000000000000000e+00
0.000000000000000000e+00
8.676529940536632068e+00
8.041793244634299134e-03
0.000000000000000000e+00
